2969 12830
2968 12831
2967 12832
2966 12833
2965 12834
3498 12835
3497 12836
3496 12837
3495 12838
3494 12839
3493 12840
3492 12841
3491 12842
3490 12843
3489 12844
3488 12845
3487 12846
3486 12847
3474 12859
3473 12860
3472 12861
3471 12862
3470 7105
3469 7106
3468 7107
3467 7108
3466 7109
3465 7110
3464 10378
3463 10379
3462 10380
3461 10381
3460 10382
3459 10383
3458 10384
3457 10385
3456 10386
3455 10387
3454 10388
3453 10389
3452 10390
3451 10391
3450 10392
3449 10393
3249 10394
3248 10395
3247 10396
3246 10397
3245 10398
3244 10399
3243 10400
3242 10401
3241 10402
3240 10403
3239 10404
3238 10405
3237 10406
3236 10407
3235 10408
3234 10409
3233 10410
3224 10422
3223 10423
3222 10424
3221 10425
3220 10426
3219 7149
3218 7150
3217 7151
3216 7152
3215 7153
3214 12994
3213 12995
3212 12996
3211 12997
3210 12998
3209 12999
3208 13000
3207 13001
3206 7189
3205 7190
3204 7191
3203 7192
3202 7193
3201 7194
3200 7195
3199 7196
3020 7197
3019 7198
3018 7199
3017 7200
3016 7201
3015 7202
3014 7203
3013 7204
3012 7205
3405 7135
3404 7136
3403 7137
3402 7138
3401 7139
3400 7140
3399 7141
3398 7142
3397 7143
3396 7144
3395 7273
3394 7274
3393 7275
3392 7276
3391 7277
3390 7278
3389 7279
3388 7280
3387 7281
3386 7282
3385 7283
3384 7242
3383 7243
3382 7244
3381 7245
3380 7246
3379 7247
3378 7248
3377 7249
3376 7250
3375 7251
3374 13492
3373 13493
3372 13494
3371 13495
3370 13496
3369 13497
3368 13498
3339 13429
3338 13430
3337 13431
3336 13432
3335 13433
3334 13434
3333 13435
3332 13436
3331 13437
3330 13438
3329 7315
3328 7316
3327 7317
3326 7318
3325 7319
3324 7320
3323 7321
3322 7322
3321 7323
3320 7324
3319 7325
3318 7284
3317 7285
3316 7286
3315 7287
3314 7288
3313 7289
3312 7290
3311 7291
3310 7292
3309 7293
3308 7357
3307 7358
3306 7359
3305 7360
3304 7361
3303 7362
3302 7363
3301 7364
3300 7365
3299 7366
3298 7367
3297 7326
3296 7327
3295 7328
3294 7329
3293 7330
3292 7331
3291 7332
3290 7333
3289 7334
3288 7335
3287 10486
3286 10487
3285 10488
3284 10489
3283 10490
3282 10491
3281 10492
3280 10493
3279 10494
3278 10495
3277 10496
3584 10438
3583 10439
3582 10440
3581 10441
3580 10442
3579 10443
3578 10444
3577 10445
3576 10446
3575 10447
3574 10549
3573 10550
3572 10551
3571 10552
3570 10553
3569 10554
3568 10555
3567 10556
3566 10557
3565 10558
3564 10559
3563 10560
3562 10561
3561 10562
3560 10563
3559 10564
2713 10565
2712 10566
2711 10567
2710 10568
2709 10569
2708 10570
2707 10571
2661 12271
2660 12272
2659 12273
2658 12274
2657 12275
3672 12276
3671 12277
3670 12278
3669 12279
3668 12280
3667 12281
6537 13040
6536 7368
6535 7369
6534 7370
6533 7371
6532 7372
6531 7373
6530 7374
6529 7375
6528 7376
6527 7377
6526 7378
6525 7379
6524 7380
6523 7381
453 7382
452 7383
451 7384
450 7385
449 7386
448 7387
447 7388
446 7389
445 7390
444 7391
443 7392
442 7393
441 7394
440 7395
439 7396
438 7397
437 7398
436 7399
435 7400
434 7401
430 7406
429 7407
428 7408
427 7409
426 7410
425 7411
424 7412
423 7413
422 7414
421 7415
420 7452
419 7453
418 7454
417 7455
416 7456
415 7457
414 7458
413 7459
412 7460
411 7461
410 7462
409 7421
408 7422
407 7423
406 7424
405 7425
404 7426
403 7427
402 7428
401 7429
400 7430
399 13162
398 13163
397 13164
396 13165
395 13166
394 13167
393 13168
392 13169
391 13170
390 13171
344 10716
343 10717
342 10718
341 7463
340 7464
339 7465
338 7466
337 7467
336 7468
335 7469
334 7470
333 7471
332 7472
331 7473
330 7474
6586 7475
6585 7476
6584 7477
6583 7478
6582 7479
6581 7480
6580 7481
6579 7482
6578 7483
6577 7484
6576 7485
6575 7486
6574 7487
6573 7488
6572 7489
6571 7490
6570 13009
6569 13010
2934 10369
2933 7499
2932 7500
2931 7501
2930 7502
2929 7503
2928 7504
2927 7505
2926 7506
2925 7507
2924 10727
2923 10728
2922 10729
2921 10730
2920 10731
2919 10732
2918 10733
2917 10734
2916 10735
2915 10736
2914 10737
2913 10738
2912 10739
2911 10740
2910 10741
2909 10742
2762 10743
2761 10744
2760 10745
2759 10746
2758 10747
2757 10748
2756 10749
2755 10750
2754 10751
2753 10752
2752 10753
2751 10754
2750 10755
2749 10756
2748 10757
2747 10758
2746 7558
2745 7559
2744 7560
2743 7561
2742 7562
2741 7563
2740 7564
2739 7565
2738 7566
2737 7567
2736 7568
2735 7569
2830 7656
2829 7657
2828 7658
2827 7659
2826 7660
2825 7661
2824 7662
2823 7663
2822 7664
2821 7665
2820 12364
2819 12365
2818 12366
2817 12367
2816 12368
2815 12369
2814 12370
2813 12371
2812 12372
2811 12373
2810 7585
2809 7586
2808 7587
2807 7588
2806 7589
2805 7590
2804 7591
2803 7592
2802 7593
2867 7532
2866 7533
2865 7534
2864 7535
2863 7536
2862 7537
2861 7538
2860 7539
2859 7540
2858 7541
2857 10904
2856 10905
2855 10906
2854 10907
2853 10908
2852 10909
2851 10910
2850 10911
2849 7638
2848 7639
6913 10804
6912 10805
6911 10806
6910 7697
6909 7698
6908 7699
6907 7700
6906 7701
6905 7702
6904 7703
6903 7704
6902 7705
6901 7706
6900 7707
6899 7708
236 7709
235 7710
234 7711
233 7712
232 7713
231 7714
230 7715
229 7716
228 7717
227 7718
226 7719
225 7720
224 7721
223 7722
222 7723
221 7724
220 13345
219 13346
218 13347
217 13348
216 13349
183 13175
182 13176
181 13177
180 13178
179 13179
178 13180
177 13181
176 13182
175 13183
174 13184
173 10833
172 10834
171 10835
170 10836
169 10837
168 10838
167 10839
166 10840
165 10841
164 10842
163 10843
162 10844
161 10845
160 10846
159 10847
158 10848
7022 10849
7021 10850
7020 10851
7019 10852
7018 10853
7017 10854
7016 10855
7015 10856
7014 10857
7013 10858
7012 10859
7011 10860
7010 10861
7009 10862
7008 10863
7007 10864
7006 10865
7005 7733
7004 7734
7003 7735
7002 7736
7001 7737
7000 7738
6999 7739
6998 7740
6997 7741
6996 10876
6995 10877
6994 10878
6993 10879
6992 10880
6991 10881
6990 10882
6989 10883
6988 10884
6987 10885
6986 10886
6985 10887
6984 10888
6983 10889
890 8100
889 8101
888 8102
887 8103
886 8104
885 8105
884 8106
883 8107
882 8108
881 8109
880 10946
879 10947
878 10948
877 10949
876 10950
875 10951
874 10952
873 10953
872 10954
871 10955
870 10956
869 10957
868 10958
867 10959
866 7758
865 7759
864 7760
863 7761
862 7762
861 7763
860 7764
859 7765
858 7766
857 7767
856 7768
855 7769
595 7770
594 7771
593 7772
592 7773
591 7774
590 7775
589 7776
588 7777
587 7778
586 7779
585 7780
584 7781
583 7782
582 7783
581 7784
580 7785
579 10661
578 10662
577 10663
576 10664
575 10665
574 10666
573 10667
572 10668
571 10669
570 10670
569 7794
568 7795
567 7796
566 7797
565 7798
564 7799
548 7815
547 7816
546 7817
545 7818
544 7819
543 7820
542 7821
541 7822
540 7823
539 7824
538 10994
537 10995
536 10996
535 10997
534 10998
533 10999
532 11000
531 11001
530 11002
529 11003
528 11004
527 11005
526 11006
525 11007
524 7848
523 7849
522 7850
521 7851
520 7852
519 7853
518 7854
517 7855
516 7856
515 7857
514 7858
513 7859
1933 7860
1932 7861
1931 7862
1930 7863
1929 7864
1928 7865
1927 7866
1926 7867
1925 7868
1924 7869
1923 7870
1922 7871
1921 7872
1920 7873
1919 7874
1918 7875
1917 11021
1916 11022
1915 11023
1914 11024
1913 11025
1912 11026
1911 11027
1910 11028
1909 11029
1908 11030
1907 11031
1906 11032
1905 11033
1904 11034
1903 11035
1902 11036
1901 11037
1892 11052
1891 11053
1890 11054
1889 7884
1888 7885
1887 7886
1886 7887
1885 7888
1884 7889
1883 7890
1882 7961
1881 7962
1880 7963
1879 7964
1878 7965
1877 7966
1876 7967
1875 7968
1874 7969
1873 7970
1872 7971
1871 7930
1870 7931
1869 7932
1868 7933
1867 7934
1866 7935
1865 7936
1864 7937
1863 7938
1862 7939
1861 8003
1860 8004
1859 8005
1858 8006
1857 8007
1856 8008
1855 8009
1854 8010
1853 8011
1852 8012
1851 8013
1850 7972
1849 7973
1848 7974
1847 7975
1846 7976
1845 7977
1844 7978
1843 7979
1842 7980
1841 7981
1840 11081
1839 11082
1838 11083
1837 11084
1836 11085
1835 11086
1834 11087
1833 11088
1832 11089
1831 11090
1830 11091
1829 11092
1828 11093
1827 11094
1826 11095
1825 11096
965 11097
964 11098
963 11099
962 11100
961 11101
960 11102
959 11103
958 11104
957 11105
956 11106
955 11107
954 11108
953 11109
952 11110
951 11111
950 11112
949 11113
948 8014
947 8015
946 8016
945 8017
944 8018
943 8019
942 8020
941 8021
940 8022
939 8070
938 8071
937 8072
936 8073
935 8074
934 8075
933 8076
932 8077
931 8078
930 8079
929 8080
928 8039
927 8040
926 8041
925 8042
924 8043
923 8044
922 8045
921 8046
920 8047
919 8048
918 12501
917 12502
916 12503
915 12504
914 12505
913 12506
912 12507
911 12508
910 12509
909 12510
908 8081
907 8082
906 8083
905 8084
904 8085
903 8086
902 8087
901 8088
900 8089
1732 8121
1731 8122
1730 8123
1729 8124
1728 8125
1727 8126
1726 8127
1725 8128
1724 8129
1723 8130
1722 8202
1721 8203
1720 8204
1719 8205
1718 8206
1717 8207
1716 8208
1715 8209
1714 8210
1713 8211
1712 8212
1711 8171
1710 8172
1709 8173
1708 8174
1707 8175
1706 8176
1705 8177
1704 8178
1703 8179
1702 8180
1701 8244
1700 8245
1699 8246
1698 8247
1697 8248
1696 8249
1695 8250
1694 8251
1693 8252
1692 8253
1691 8254
1690 8213
1689 8214
1688 8215
1687 8216
1686 8217
1685 8218
1684 8219
1683 8220
1682 8221
1681 8222
1680 9854
1679 9855
1678 9856
1677 9857
1676 9858
1675 9859
1674 9860
1673 9861
1672 9862
1671 9863
1670 9864
1669 8255
1668 8256
1667 8257
1666 8258
1665 8259
1649 8277
1648 8278
1647 8279
1646 8280
1645 8281
1644 8282
1643 8283
1642 8284
1641 8285
1640 8286
1639 8363
1638 8364
1637 8365
1636 8366
1635 8367
1634 8368
1633 8369
1632 8370
1631 8371
1630 8372
1629 8373
1628 8332
1627 8333
1626 8334
1625 8335
1624 8336
1623 8337
1622 8338
1621 8339
1620 8340
1619 8341
1618 11140
1617 11141
1616 11142
1615 11143
1614 11144
1613 11145
1612 11146
1611 11147
1610 11148
1609 11149
1608 11150
1607 11151
1606 11152
1605 11153
1604 11154
1603 11155
1082 11156
1081 11157
1080 11158
1079 11159
1078 11160
1077 11161
1076 11162
1075 11163
1074 11164
1073 11165
1072 11166
1071 11167
1070 11168
1069 11169
1068 11170
1067 11171
1066 11172
1065 8374
1064 8375
1063 8376
1062 8377
1061 8378
1060 8379
1059 8380
1058 8381
1057 8382
1056 12604
1055 12605
1054 12606
1053 12607
1052 12608
1051 12609
123 13204
122 13205
121 13206
120 13207
119 13208
118 8399
117 8400
116 8401
115 8402
114 8403
113 8484
112 8485
111 8486
110 8487
109 8488
108 8489
107 8490
106 8491
105 8492
104 8493
103 8494
102 8453
101 8454
100 8455
99 8456
98 8457
97 8458
96 8459
95 8460
94 8461
93 8462
92 8526
91 8527
90 8528
89 8529
88 8530
87 8531
86 8532
85 8533
84 8534
83 8535
82 8536
81 8495
80 8496
79 8497
78 8498
77 8499
76 8500
75 8501
74 8502
73 8503
72 8504
71 8568
70 8569
69 8570
68 8571
67 8572
66 8573
65 8574
64 8575
63 8576
62 8577
61 8578
60 8537
59 8538
58 8539
57 8540
56 8541
55 8542
54 8543
53 8544
52 8545
51 8546
50 8610
49 8611
48 8612
47 8613
46 8614
45 8615
44 8616
43 8617
42 8618
41 8619
40 8620
39 8579
38 8580
37 8581
36 8582
35 8583
34 8584
33 8585
32 8586
31 8587
6844 12928
6843 12929
6842 12930
6841 12931
6840 12932
6839 12933
6838 12934
6837 12935
6836 12936
6835 12937
6834 11199
6833 11200
6832 11201
6831 11202
6830 11203
6829 11204
6828 11205
6827 11206
6826 11207
6825 11208
6824 11209
6823 11210
6822 11211
6821 11212
6820 11213
6819 11214
6669 11215
6668 11216
6667 11217
6666 11218
6665 11219
6664 11220
6663 11221
6662 11222
6661 11223
6660 11224
6659 11225
6658 11226
6657 11227
6656 11228
6655 11229
6654 11230
6653 11231
6652 8621
6651 8622
6650 8623
6649 8624
6648 8625
6647 8626
6646 8627
6645 8628
6644 8629
6643 8782
6642 8783
6641 8784
6640 8785
6639 8786
6638 8787
6637 8788
6786 12960
6785 12961
6784 12962
6783 12963
6782 8646
6781 8647
6780 8648
6779 8649
6778 8650
6777 8651
6776 8893
6775 8894
6774 8895
6773 8896
6772 8897
6771 8898
6770 8899
6769 8900
6768 8901
6767 8902
6766 8903
6765 8904
6764 8905
6763 8906
6762 8702
6761 8703
6760 8704
6759 8705
6736 8727
6735 8728
6734 8729
6733 8730
6732 8731
6731 8732
6730 8733
6729 8734
6728 8735
6727 8736
6726 9009
6725 9010
6724 9011
6723 9012
6722 9013
6721 9014
6720 9015
6719 8760
6718 8761
6717 8762
6716 8763
6715 8764
3160 7175
3159 7176
3158 7177
3157 7178
3156 7179
3155 7180
3154 7181
3153 7182
3152 7183
3151 7184
3150 8845
3149 8846
3148 8847
3147 8848
3146 8849
3145 8850
3144 8851
3143 8852
3142 8853
3141 8854
3140 8855
3139 8814
3138 8815
3137 8816
3136 8817
3135 8818
3134 8819
3133 8820
3132 8821
3131 8822
3130 8823
3129 8951
3128 8952
3127 8953
3126 8954
3125 8955
3124 8956
3123 8957
3122 8958
3121 8959
3120 8960
3119 8961
3118 8962
3117 8856
3116 8857
3115 8858
3114 8859
3113 8860
3112 8861
3111 8862
3110 8863
3109 8864
3108 8865
3107 8866
6248 8757
6247 8758
6246 8759
6245 8907
6244 8908
6243 8909
6242 8910
6241 8911
6240 8912
6239 8913
6238 13787
6237 13788
6236 13789
6235 13790
6234 13791
6233 13792
6232 13793
6195 13732
6194 13733
6193 13734
6192 13735
6191 13736
6323 13737
6322 13738
6321 13739
6320 13740
6319 13741
6318 13742
6317 13743
6316 13744
6315 13745
6314 8963
6313 8964
6312 8965
6311 8966
6310 8967
5647 11245
5646 11246
5645 11247
5644 11248
5643 11249
5642 11250
5641 11251
5640 11252
5639 11253
5638 11254
5637 13918
5636 13919
5635 13920
5634 13921
5633 13922
5632 13923
5631 13924
5630 13925
5629 13926
5628 13927
5627 13928
5626 13929
5625 13930
5624 13931
5848 11480
5847 11481
5846 11482
5845 11483
5844 11484
5843 9016
5842 9017
5841 9018
5840 9019
5839 9020
5838 11310
5837 11311
5836 11312
5835 11313
5834 11314
5833 11315
5832 11316
5831 11317
5830 11318
5829 11319
5828 11320
5827 11321
5826 11322
5825 11323
5824 11324
5823 11325
5299 11326
5298 11327
5297 11328
5296 11329
5295 11330
5294 11331
5293 11332
5292 11333
5291 11334
5290 11335
5289 11336
5288 11337
5287 11338
5286 9059
5285 9060
5284 9061
5260 9084
5259 9085
5258 9086
5257 9087
5256 9088
5255 9089
5254 9090
5253 9091
5252 9092
5251 9093
5250 9094
5249 9095
5248 9096
5247 9097
5246 9098
5047 9099
5046 9100
5045 9101
5044 9102
5043 9103
5042 9104
5041 9105
5040 9106
5039 9107
5038 9108
5037 9109
5036 9110
5035 9111
5034 9112
5033 9113
5032 9114
5025 9123
5024 9124
5023 9125
5022 9126
5021 9127
5020 9128
5019 9129
5018 9130
5017 9131
5016 9132
5015 11421
5014 11422
5013 11423
5012 11424
5011 11425
5010 11426
5009 11427
5008 11428
5007 11429
5006 11430
5005 11431
5004 11432
5003 11433
5002 11434
5001 9187
5000 9188
4999 9189
4998 9190
4997 9191
4996 9192
4995 9193
4994 9194
4993 9195
4992 9196
4991 9197
4990 9198
5895 9199
5894 9200
5893 9201
5892 9202
5891 9203
5890 9204
5889 9205
5888 9206
5887 9207
5886 9208
5885 9209
5884 9210
5883 9211
5882 9212
5881 9213
5880 9214
5879 11449
5878 11450
5877 11451
5876 11452
5875 11453
5874 11454
5873 11455
5872 11456
5871 11457
5870 11458
5869 11459
5868 11460
5867 11461
5866 11462
5865 11463
5864 11464
5863 11465
5862 11466
5861 11467
5860 11468
5859 11469
5858 11470
5857 11471
5856 11472
5573 11282
5572 11283
5571 11284
5570 11285
5569 9223
5568 9224
5567 9225
5566 9226
5565 9227
5564 9228
5563 9229
5562 9230
5561 9231
5560 9232
5559 9233
5347 9234
5346 9235
5345 9236
5344 9237
5343 9238
5342 9239
5341 9240
5340 9241
5339 9242
5338 9243
5337 9244
5336 9245
5335 9246
5334 9247
5333 9248
5332 9249
5331 14197
5330 14198
5329 14199
5328 14200
5327 14201
5326 14202
5325 14203
5324 14204
5323 14205
5211 11366
5210 11367
5209 11368
5208 11369
5207 11370
5206 11371
5205 11372
5204 11373
5203 11374
5202 11375
5201 9289
5200 9290
5199 9291
5198 9292
5197 9293
5196 9294
5195 9295
5194 9296
5193 9297
5192 9298
5191 9299
5190 9258
5189 9259
5188 9260
5187 9261
5186 9262
5185 9263
5184 9264
5183 9265
5182 9266
5181 9267
5180 11533
5179 11534
5178 11535
5177 11536
5176 11537
5175 11538
5174 11539
5173 11540
5172 11541
5171 11542
5170 11543
5169 11544
5168 11545
5140 9300
5139 9301
5138 9302
5137 9303
5136 9304
5135 9305
5134 9306
5133 9307
5132 9308
5131 9309
5130 9380
5129 9381
5128 9382
5127 9383
5126 9384
5125 9385
5124 9386
5123 9387
5122 9388
5121 9389
5120 9390
5119 9349
5118 9350
5117 9351
5116 9352
5115 9353
5114 9354
5113 9355
5112 9356
5111 9357
5110 9358
5109 9422
5108 9423
5107 9424
5106 9425
5105 9426
5104 9427
5103 9428
5102 9429
5101 9430
5100 9431
5099 9432
5098 9391
5097 9392
5096 9393
5095 9394
5094 9395
5093 9396
5092 9397
5091 9398
5090 9399
5089 9400
5088 12778
5087 12779
5086 12780
5085 12781
5084 12782
6021 13800
6020 13801
6019 13802
6018 13803
6017 13804
6016 13805
6015 13806
6014 13807
6013 13808
6012 13809
6011 11607
6010 11608
6009 11609
6008 11610
6007 11611
6006 11612
6005 11613
6004 11614
6003 11615
6002 11616
6001 11617
6000 11618
5999 11619
5998 11620
5997 9433
5996 9434
5995 9435
5994 9436
5993 9437
5992 9438
5991 9439
5990 9440
5989 9441
5988 9442
5987 9443
5986 9444
4636 9445
4635 9446
4634 9447
4633 9448
4632 9449
4631 9450
4630 9451
4629 9452
4628 9453
4627 9454
4626 9455
4625 9456
4624 9457
4623 9458
4622 9459
4621 9460
4620 11637
4619 11638
4618 11639
4617 11640
4616 11641
4615 11642
4614 11643
4613 11644
4612 11645
4611 9469
4610 9470
4609 9471
4608 9472
4607 9473
4606 9474
4605 9475
4604 9476
4603 9477
4602 9478
4601 9479
4600 9480
4599 9481
4598 9482
4597 9483
4588 9490
4587 9491
4586 9492
4585 9493
4584 9494
4583 9495
4582 9496
4581 9497
4580 9498
4579 9499
4578 9554
4577 9555
4576 9556
4575 9557
4574 9558
4573 9559
4572 9560
4571 9561
4570 9562
4569 9563
4568 9564
4567 9523
4566 9524
4565 9525
4564 9526
4563 9527
4562 9528
4561 9529
4560 9530
4559 9531
4558 9532
4557 9596
4556 9597
4555 9598
4554 9599
4553 9600
4552 9601
4551 9602
4550 9603
4549 9604
4548 9605
4547 9606
4546 9565
4545 9566
4544 9567
4543 9568
4542 9569
4541 9570
4540 9571
4539 9572
4538 9573
4537 9574
4536 14025
4535 14026
4534 14027
4533 14028
4532 14029
4531 14030
4488 13976
4487 13977
4486 13978
4485 13979
4484 13980
4483 13981
4482 13982
4481 13983
4480 13984
4479 13985
4478 11715
4477 11716
4476 11717
4475 11718
4474 11719
4473 11720
4472 11721
4471 11722
4470 11723
4469 11724
4468 11725
4467 11726
4466 11727
4465 11728
4464 11729
4463 11730
6093 11731
6092 11732
6091 11733
6090 11734
6089 11735
6088 11736
6087 11737
6086 11738
6085 11739
6084 11740
6083 11741
6082 11742
6081 11743
6080 11744
6079 11745
6078 11746
6077 11747
6076 9607
6075 9608
6074 9609
6073 9610
6072 9611
6071 9612
6070 9613
6069 9614
6068 9615
6067 11754
6066 11755
6065 11756
6064 11757
6063 11758
6062 11759
6061 11760
6060 11761
6059 11762
6058 11763
4929 9164
4928 9165
4927 9166
4926 9167
4925 9168
4924 9169
4923 9170
4922 9171
4921 9172
4920 9173
4919 9174
4918 9175
4917 9176
4916 9177
4915 9178
4706 9179
4705 9180
4704 9181
4703 9182
4702 9183
4701 9184
4700 9185
4699 9186
4698 9632
4697 9633
4696 9634
4695 9635
4694 9636
4693 9637
4692 9638
4691 9639
4690 11821
4689 11822
4688 11823
4687 11824
4686 11825
4685 11826
4796 13530
4795 13531
4794 13532
4793 13533
4792 13534
4791 13535
4790 13536
4789 13537
4788 13538
4787 13539
4786 9722
4785 9723
4784 9724
4783 9725
4782 9726
4781 9727
4780 9728
4779 9729
4778 9730
4777 9731
4776 9732
4775 9691
4774 9692
4773 9693
4772 9694
4771 9695
4770 9696
4769 9697
4768 9698
4767 9699
4766 9700
4765 9764
4764 9765
4763 9766
4762 9767
4761 9768
4760 9769
4759 9770
4758 9771
4757 9772
4756 9773
4755 9774
4754 9733
4753 9734
4752 9735
4751 9736
4750 9737
4749 9738
4748 9739
4747 9740
4746 9741
4745 9742
4744 11799
4743 11800
4742 11801
4741 11802
4740 11803
4739 11804
4738 11805
4737 11806
1339 8425
1338 8426
1337 8427
1336 8428
1335 8429
1334 8430
1333 8431
1332 8432
1331 8433
1330 8434
1329 11881
1328 11882
1327 11883
1326 11884
1325 11885
1324 11886
1323 11887
1322 11888
1321 11889
1320 11890
1319 11891
1318 11892
1317 11893
1316 11894
1315 9775
1314 9776
1313 9777
1312 9778
1311 9779
1310 9780
1309 9781
1308 9782
1307 9783
1306 9784
1305 9785
1304 9786
1529 9787
1528 9788
1527 9789
1526 9790
1525 9791
1524 9792
1523 9793
1522 9794
1521 9795
1520 9796
1519 9797
1518 9798
1517 9799
1516 9800
1515 9801
1514 9802
1513 8308
1512 8309
1511 8310
1510 8311
1492 8330
1491 8331
1490 9811
1489 9812
1488 9813
1487 9814
1486 9815
1485 9816
1484 9817
1483 9818
1482 9896
1481 9897
1480 9898
1479 9899
1478 9900
1477 9901
1476 9902
1475 9903
1474 9904
1473 9905
1472 9906
1471 9865
1470 9866
1469 9867
1468 9868
1467 9869
1466 9870
1465 9871
1464 9872
1463 9873
1462 9874
1461 12385
1460 12386
1459 12387
1458 12388
2386 9907
2385 9908
2384 9909
2383 9910
2382 9911
2381 9912
2380 9913
2379 9914
2378 9915
2377 9916
2376 11929
2375 11930
2374 11931
2373 11932
2372 11933
2371 11934
2370 11935
2369 11936
2368 11937
2367 11938
2366 11939
2365 11940
2364 11941
2363 11942
2362 9966
2361 9967
2360 9968
2359 9969
2358 9970
2357 9971
2356 9972
2355 9973
2354 9974
2353 9975
2352 9976
2351 9977
2580 9978
2579 9979
2578 9980
2577 9981
2576 9982
2575 9983
2574 9984
2573 9985
2572 9986
2571 9987
2570 9988
2569 9989
2568 9990
2567 9991
2566 9992
2565 9993
2564 12425
2563 12426
2301 9939
2300 9940
2299 9941
2298 9942
2297 9943
2296 9944
2295 9945
2294 9946
2293 9947
2292 9948
2291 10033
2290 10034
2289 10035
2288 10036
2287 10037
2286 10038
2285 10039
2284 10040
2283 10041
2282 10042
2281 10043
2280 10002
2279 10003
2278 10004
2277 10005
2276 10006
2275 10007
2274 10008
2273 10009
2272 10010
2271 10011
2270 11969
2269 11970
2268 11971
2267 11972
2266 11973
2265 11974
2264 11975
2263 11976
2262 11977
2261 11978
2260 11979
2259 11980
2258 11981
2257 11982
2256 11983
2255 11984
3756 11985
3755 11986
3754 11987
3753 11988
3752 11989
3751 11990
3750 11991
3749 11992
3748 11993
3747 11994
3746 11995
3745 11996
3744 11997
3743 11998
3742 11999
3741 12000
3740 12001
3739 10044
3738 10045
3737 10046
3736 10047
3735 10048
3734 10049
3733 10050
3732 10051
3731 10052
3730 13686
3729 13687
3728 13688
3727 13689
3726 13690
3725 13691
3724 13692
3723 13693
3722 13694
3721 13695
3720 13696
3719 13697
3718 13698
6473 13043
6472 13044
6471 13045
6470 13046
6469 13047
6468 13048
6467 13049
6466 13050
6465 13051
6464 13052
6463 12028
6462 12029
6461 12030
6460 12031
6459 12032
6458 12033
6457 12034
6456 12035
6455 12036
6454 12037
6453 12038
6452 12039
6451 12040
6450 12041
6449 12042
6448 12043
2025 12044
2024 12045
2023 12046
2022 12047
2021 12048
2020 12049
2019 12050
2018 12051
2017 12052
2016 12053
2015 12054
2014 12055
2013 12056
2012 12057
2011 12058
2010 12059
2009 12060
2008 10069
2007 10070
2006 10071
2005 10072
2004 10073
2003 10074
2002 10075
2001 10076
2000 10077
1999 12683
1998 12684
1997 12685
1996 12686
1995 12687
1994 12688
1993 12689
790 12543
789 12544
788 12545
787 12546
786 12547
785 12548
784 12549
783 12550
782 12551
781 12552
780 10125
779 10126
778 10127
777 10128
776 10129
775 10130
774 10131
773 10132
772 10133
771 10134
770 10135
769 10094
768 10095
767 10096
766 10097
765 10098
764 10099
763 10100
762 10101
761 10102
760 10103
759 10167
758 10168
757 10169
756 10170
755 10171
754 10172
753 10173
752 10174
751 10175
750 10176
749 10177
748 10136
747 10137
746 10138
745 10139
744 10140
743 10141
742 10142
741 10143
740 10144
739 10145
738 13240
737 13241
736 13242
735 13243
734 13244
733 13245
732 13246
731 13247
730 13248
729 13249
3891 13650
3890 13651
3889 13652
3888 13653
3887 13654
3886 13655
3885 13656
3884 13657
3883 13658
3882 13659
3881 10209
3880 10210
3879 10211
3878 10212
3877 10213
3876 10214
3875 10215
3874 10216
3873 10217
3872 10218
3871 10219
3870 10178
3869 10179
3868 10180
3867 10181
3866 10182
3865 10183
3864 10184
3863 10185
3862 10186
3861 10187
3860 12087
3859 12088
3858 12089
3857 12090
3856 12091
3855 12092
3854 12093
3853 12094
3852 12095
3851 12096
3850 12097
3849 12098
3848 12099
3847 12100
3846 12101
3845 12102
4124 12103
4123 12104
4122 12105
4121 12106
4120 12107
4119 12108
4118 12109
4117 12110
4116 12111
4115 12112
4114 12113
4113 12114
4112 12115
4111 12116
4110 12117
4109 12118
4108 12119
4107 10220
4106 10221
4105 10222
4104 10223
4103 10224
4102 10225
4101 10226
4100 10227
4099 10228
4098 14079
4097 14080
4096 14081
4095 14082
4094 14083
4093 14084
4092 14085
4091 14086
4090 14087
4089 14088
4088 14089
2158 14157
2157 14158
2156 14159
6413 13073
6412 13074
6411 13075
6410 13076
6409 10245
6408 10246
6407 10247
6406 10248
6405 10249
6404 10250
6403 12128
6402 12129
6401 12130
6400 12131
6399 12132
6398 12133
6397 12134
6396 12135
6395 12136
6394 12137
6393 12138
6392 12139
6391 12140
6390 12141
6389 12142
6388 12143
4330 12144
4329 12145
4328 12146
4327 12147
4306 12171
4305 12172
4304 12173
4303 12174
4302 10289
4301 10290
4300 10291
4299 10292
4298 10293
4297 10294
4296 10295
4295 10296
4294 10297
4293 10298
4292 10299
2090 10300
2089 10301
2088 10302
2087 10303
2086 10304
2085 10305
2084 10306
2083 10307
2082 10308
6145 13850
6144 13851
6143 13852
6142 13853
6141 13854
4365 13855
4364 13856
4363 13857
4362 13858
4361 13859
4360 13860
4359 13861
4358 13862
4357 13863
4356 13864
4355 13865
4354 13866
4353 13867
4352 13868
4351 13869
4350 13870
4349 13871
4348 13872
4347 13873
4346 13874
4272 12751
4271 12752
4270 12753
4269 12754
4268 12755
4267 12756
4266 12757
4265 12758
4264 12759
4263 12760
4262 11672
4261 11673
4260 11674
4259 11675
4258 11676
4257 11677
4256 11678
4255 11679
4254 11680
4253 11681
4252 11682
4251 11683
4250 11684
4249 11685
4248 11686
4247 11687
2960 10344
2961 10343
2962 10342
2963 10341
2964 10340
3499 10339
3500 10338
3501 10337
3502 10336
3503 10335
3504 10334
3505 10333
3506 10332
3507 10331
3508 10330
3509 10478
3510 10477
3511 10476
3423 7120
3424 7119
3425 7118
3426 7117
3427 7116
3428 7115
3429 7114
3430 7113
3431 7112
3432 7111
3433 10377
3434 10376
3435 10375
3436 10374
3437 10373
3438 10372
3439 10371
3440 10370
3441 10527
3442 10526
3443 10525
3444 10524
3445 10523
3446 10522
3447 10521
3448 10520
3250 10519
3251 10518
3252 10517
3253 10516
3254 10515
3255 10514
3256 10513
3257 10512
3258 10511
3259 10510
3260 10509
3261 10508
3262 10507
3263 10506
3264 10505
3265 10504
3266 10503
3173 7163
3174 7162
3175 7161
3176 7160
3177 7159
3178 7158
3179 7157
3180 7156
3181 7155
3182 7154
3183 12993
3184 12992
3185 12991
3186 12990
3187 12989
3188 12988
3189 12987
3190 12986
3191 12985
3192 12984
3193 12983
3194 12982
3195 12981
3196 12980
3197 12979
3198 12978
3021 12977
3022 12976
3023 12975
3024 12974
3025 12973
3026 12972
3027 12971
3028 12970
3029 12969
3586 10432
3587 10431
3588 10430
3589 10429
3590 10428
3591 10427
3592 7148
3593 7147
3594 7146
3595 7145
3596 7272
3597 7271
3598 7270
3599 7269
3600 7268
3601 7267
3602 7266
3603 7265
3604 7264
3605 7263
3606 7262
3607 7261
3608 7260
3609 7259
3610 7258
3611 7257
3612 7256
3613 7255
3614 7254
3615 7253
3616 7252
3617 13491
3618 13490
3619 13489
3620 13488
3621 13487
3622 13486
3623 13485
5466 13448
5467 13447
5468 13446
5469 13445
5470 13444
5471 13443
5472 13442
5473 13441
5474 13440
5475 13439
5476 7314
5477 7313
5478 7312
5479 7311
5480 7310
5481 7309
5482 7308
5483 7307
5484 7306
5485 7305
5486 7304
5487 7303
5488 7302
5489 7301
5490 7300
5491 7299
5492 7298
5493 7297
5494 7296
5495 7295
5496 7294
5497 7356
5498 7355
5499 7354
5500 7353
5501 7352
5502 7351
5503 7350
5504 7349
5505 7348
5506 7347
5507 7346
5508 7345
5509 7344
5510 7343
5511 7342
5512 7341
5513 7340
5514 7339
5515 7338
5516 7337
5517 7336
5518 10485
5519 10484
5520 10483
5521 10482
5522 10481
5523 10480
5524 10479
5525 11520
5526 11519
5527 11518
5528 11517
3533 10457
3534 10456
3535 10455
3536 10454
3537 10453
3538 10452
3539 10451
3540 10450
3541 10449
3542 10448
3543 10548
3544 10547
3545 10546
3546 10545
3547 10544
3548 10543
3549 10542
3550 10541
3551 10540
3552 10539
3553 10538
3554 10537
3555 10536
3556 10535
3557 10534
3558 10533
2714 10532
2715 10531
2716 10530
2717 10529
2718 10528
2719 7584
2720 7583
2652 13629
2653 13628
2654 13627
2655 13626
2656 13625
3673 13624
3674 13623
3675 13622
3676 13621
3677 13620
3678 13619
6508 10601
6509 10600
6510 10599
6511 10598
6512 10597
6513 10596
6514 10595
6515 10594
6516 10593
6517 10592
6518 10591
6519 10590
6520 10589
6521 10588
6522 10587
454 10586
455 10585
456 10584
457 10583
458 10582
459 10581
460 10580
461 10579
462 10578
463 7847
464 7846
465 7845
466 7844
467 7843
468 7842
469 7841
470 7840
471 7839
472 7838
473 7837
633 10638
634 10637
635 10636
636 10635
637 10634
638 7420
639 7419
640 7418
641 7417
642 7416
643 7451
644 7450
645 7449
646 7448
647 7447
648 7446
649 7445
650 7444
651 7443
652 7442
653 7441
654 7440
655 7439
656 7438
657 7437
658 7436
659 7435
660 7434
661 7433
662 7432
663 7431
664 13161
665 13160
666 13159
667 13158
668 13157
669 13156
670 13155
671 13154
672 13153
673 13152
315 10693
316 10692
317 10691
318 10690
319 10689
320 10688
321 10687
322 10686
323 10685
324 10684
325 10683
326 10682
327 10681
328 10680
329 10679
6587 10678
6588 10677
6589 10676
6590 10675
6591 10674
6592 10673
6593 10672
6594 10671
6595 7498
6596 7497
6597 7496
6598 7495
6599 7494
6600 7493
6601 7492
6602 7491
6603 13008
6604 13007
2883 7517
2884 7516
2885 7515
2886 7514
2887 7513
2888 7512
2889 7511
2890 7510
2891 7509
2892 7508
2893 10726
2894 10725
2895 10724
2896 10723
2897 10722
2898 10721
2899 10720
2900 10719
2901 7637
2902 7636
2903 7635
2904 7634
2905 7633
2906 7632
2907 7631
2908 7630
2763 7629
2764 7628
2765 7627
2766 7626
2767 7625
2768 7624
2769 7623
2770 7622
2771 7621
2772 7620
2773 7619
2774 7618
2775 7617
2776 7616
2777 7615
2778 7614
2779 7613
2780 7612
2781 7611
2782 7610
2783 7609
2784 7608
2785 7607
2786 7606
2787 7605
2788 7604
2789 7603
2790 7602
7079 7675
7080 7674
7081 7673
7082 7672
7083 7671
7084 7670
7085 7669
7086 7668
7087 7667
7088 7666
7089 12363
7090 12362
7091 12361
7092 12360
7093 12359
7094 12358
7095 12357
7096 12356
7097 12355
7098 12354
7099 12353
7100 12352
7101 12351
7102 12350
7103 12349
7104 12348
0 12347
1 12346
2 12345
6960 7551
6961 7550
6962 7549
6963 7548
6964 7547
6965 7546
6966 7545
6967 7544
6968 7543
6969 7542
6970 10903
6971 10902
6972 10901
6973 10900
6974 10899
6975 10898
6976 10897
6977 10896
6978 10895
6979 10894
6884 10781
6885 10780
6886 10779
6887 10778
6888 10777
6889 10776
6890 10775
6891 10774
6892 10773
6893 10772
6894 10771
6895 10770
6896 10769
6897 10768
6898 10767
237 10766
238 10765
239 10764
240 10763
241 10762
242 10761
243 10760
244 10759
245 7732
246 7731
247 7730
248 7729
249 7728
250 7727
251 7726
252 7725
253 13344
254 13343
255 13342
256 13341
257 13340
132 13194
133 13193
134 13192
135 13191
136 13190
137 13189
138 13188
139 13187
140 13186
141 13185
142 10832
143 10831
144 10830
145 10829
146 10828
147 10827
148 10826
149 10825
150 10824
151 10823
152 10822
153 10821
154 10820
155 10819
156 10818
157 10817
7023 10816
7024 10815
7025 10814
7026 10813
7027 10812
7028 10811
7029 10810
7030 10809
7031 10808
7032 10807
7033 7757
7034 7756
7035 7755
7036 7754
7037 7753
7038 7752
7039 7751
7040 7750
7041 7749
7042 7748
7043 7747
7044 7746
7045 7745
7046 7744
7047 7743
7048 7742
7049 10875
7050 10874
7051 10873
7052 10872
7053 10871
7054 10870
7055 10869
7056 10868
7057 10867
7058 10866
7059 7696
7060 7695
7061 7694
7062 7693
819 8119
820 8118
821 8117
822 8116
823 8115
824 8114
825 8113
826 8112
827 8111
828 8110
829 10945
830 10944
831 10943
832 10942
833 10941
834 10940
835 10939
836 10938
837 10937
838 10936
839 10935
840 10934
841 10933
842 10932
843 10931
844 10930
845 10929
846 10928
847 10927
848 10926
849 10925
850 10924
851 10923
852 10922
853 10921
854 10920
596 10919
597 10918
598 10917
599 10916
600 10915
601 10914
602 10913
603 10912
604 7793
605 7792
606 7791
607 7790
608 7789
609 7788
610 7787
611 7786
612 10660
613 10659
614 10658
615 10657
616 10656
617 10655
618 10654
619 10653
620 10652
621 10651
622 10650
623 10649
624 10648
625 10647
626 10646
627 10645
477 7834
478 7833
479 7832
480 7831
481 7830
482 7829
483 7828
484 7827
485 7826
486 7825
487 10993
488 10992
489 10991
490 10990
491 10989
492 10988
493 10987
494 10986
495 10985
496 10984
497 10983
498 10982
499 10981
500 10980
501 10979
502 10978
503 10977
504 10976
505 10975
506 10974
507 10973
508 10972
509 10971
510 10970
511 10969
512 10968
1934 10967
1935 10966
1936 10965
1937 10964
1938 10963
1939 10962
1940 10961
1941 10960
1942 7883
1943 7882
1944 7881
1945 7880
1946 7879
1947 7878
1948 7877
1949 7876
1950 11020
1951 11019
1952 11018
1953 11017
1954 11016
1955 11015
1956 11014
1957 11013
1958 11012
1959 11011
1960 11010
1961 11009
1962 11008
1963 12716
1964 12715
1965 12714
1966 12713
1757 7900
1758 7899
1759 7898
1760 7897
1761 7896
1762 7895
1763 7894
1764 7893
1765 7892
1766 7891
1767 7960
1768 7959
1769 7958
1770 7957
1771 7956
1772 7955
1773 7954
1774 7953
1775 7952
1776 7951
1777 7950
1778 7949
1779 7948
1780 7947
1781 7946
1782 7945
1783 7944
1784 7943
1785 7942
1786 7941
1787 7940
1788 8002
1789 8001
1790 8000
1791 7999
1792 7998
1793 7997
1794 7996
1795 7995
1796 7994
1797 7993
1798 7992
1799 7991
1800 7990
1801 7989
1802 7988
1803 7987
1804 7986
1805 7985
1806 7984
1807 7983
1808 7982
1809 11080
1810 11079
1811 11078
1812 11077
1813 11076
1814 11075
1815 11074
1816 11073
1817 11072
1818 11071
1819 11070
1820 11069
1821 11068
1822 11067
1823 11066
1824 11065
966 11064
967 11063
968 11062
969 11061
970 11060
971 11059
972 11058
973 11057
974 11056
975 11055
976 8038
977 8037
978 8036
979 8035
980 8034
981 8033
982 8032
983 8031
984 8030
985 8029
986 8028
987 8027
988 8026
989 8025
990 8024
991 8023
992 8069
993 8068
994 8067
995 8066
996 8065
997 8064
998 8063
999 8062
1000 8061
1001 8060
1002 8059
1003 8058
1004 8057
1005 8056
1006 8055
1007 8054
1008 8053
1009 8052
1010 8051
1011 8050
1012 8049
1013 12500
1014 12499
1015 12498
1016 12497
1017 12496
1018 12495
1019 12494
1020 12493
1021 12492
1022 12491
1023 12490
1024 12489
1025 12488
1026 12487
1027 12486
1028 12485
1029 12484
1030 12483
1031 12482
2412 8140
2413 8139
2414 8138
2415 8137
2416 8136
2417 8135
2418 8134
2419 8133
2420 8132
2421 8131
2422 8201
2423 8200
2424 8199
2425 8198
2426 8197
2427 8196
2428 8195
2429 8194
2430 8193
2431 8192
2432 8191
2433 8190
2434 8189
2435 8188
2436 8187
2437 8186
2438 8185
2439 8184
2440 8183
2441 8182
2442 8181
2443 8243
2444 8242
2445 8241
2446 8240
2447 8239
2448 8238
2449 8237
2450 8236
2451 8235
2452 8234
2453 8233
2454 8232
2455 8231
2456 8230
2457 8229
2458 8228
2459 8227
2460 8226
2461 8225
2462 8224
2463 8223
2464 9853
2465 9852
2466 9851
2467 9850
2468 9849
2469 9848
2470 9847
2471 9846
2472 9845
2473 9844
2474 9843
2475 9842
2476 9841
2477 9840
2478 9839
2479 9838
1556 8296
1557 8295
1558 8294
1559 8293
1560 8292
1561 8291
1562 8290
1563 8289
1564 8288
1565 8287
1566 8362
1567 8361
1568 8360
1569 8359
1570 8358
1571 8357
1572 8356
1573 8355
1574 8354
1575 8353
1576 8352
1577 8351
1578 8350
1579 8349
1580 8348
1581 8347
1582 8346
1583 8345
1584 8344
1585 8343
1586 8342
1587 11139
1588 11138
1589 11137
1590 11136
1591 11135
1592 11134
1593 11133
1594 11132
1595 11131
1596 11130
1597 11129
1598 11128
1599 11127
1600 11126
1601 11125
1602 11124
1083 11123
1084 11122
1085 11121
1086 11120
1087 11119
1088 11118
1089 11117
1090 11116
1091 11115
1092 11114
1093 8398
1094 8397
1095 8396
1096 8395
1097 8394
1098 8393
1099 8392
1100 8391
1101 8390
1102 8389
1103 8388
1104 8387
1105 8386
1106 8385
1107 8384
1108 8383
1109 12603
1110 12602
1111 12601
1112 12600
1113 12599
1114 12598
1348 8413
1349 8412
1350 8411
1351 8410
1352 8409
1353 8408
1354 8407
1355 8406
1356 8405
1357 8404
1358 8483
1359 8482
1360 8481
1361 8480
1362 8479
1363 8478
1364 8477
1365 8476
1366 8475
1367 8474
1368 8473
1369 8472
1370 8471
1371 8470
1372 8469
1373 8468
1374 8467
1375 8466
1376 8465
1377 8464
1378 8463
1379 8525
1380 8524
1381 8523
1382 8522
1383 8521
1384 8520
1385 8519
1386 8518
1387 8517
1388 8516
1389 8515
1390 8514
1391 8513
1392 8512
1393 8511
1394 8510
1395 8509
1396 8508
1397 8507
1398 8506
1399 8505
1400 8567
1401 8566
1402 8565
1403 8564
1404 8563
1405 8562
1406 8561
1407 8560
1408 8559
1409 8558
1410 8557
1411 8556
1412 8555
1413 8554
1414 8553
1415 8552
1416 8551
1417 8550
1418 8549
1419 8548
1420 8547
1421 8609
1422 8608
1423 8607
1424 8606
1425 8605
1426 8604
1427 8603
1428 8602
1429 8601
1430 8600
1431 8599
1432 8598
1433 8597
1434 8596
1435 8595
1436 8594
1437 8593
1438 8592
1439 8591
1440 8590
6793 12947
6794 12946
6795 12945
6796 12944
6797 12943
6798 12942
6799 12941
6800 12940
6801 12939
6802 12938
6803 11198
6804 11197
6805 11196
6806 11195
6807 11194
6808 11193
6809 11192
6810 11191
6811 11190
6812 11189
6813 11188
6814 11187
6815 11186
6816 11185
6817 11184
6818 11183
6670 11182
6671 11181
6672 11180
6673 11179
6674 11178
6675 11177
6676 11176
6677 11175
6678 11174
6679 11173
6680 8645
6681 8644
6682 8643
6683 8642
6684 8641
6685 8640
6686 8639
6687 8638
6688 8637
6689 8636
6690 8635
6691 8634
6692 8633
6693 8632
6694 8631
6695 8630
6696 8781
6697 8780
6698 8779
6699 8778
6700 8777
6701 8776
6702 8775
3071 8661
3072 8660
3073 8659
3074 8658
3075 8657
3076 8656
3077 8655
3078 8654
3079 8653
3080 8652
3081 8892
3082 8891
3083 8890
3084 8889
3085 8888
3086 8887
3087 8886
3088 8885
3089 8884
3090 8883
3091 8882
3092 8881
3093 8880
3094 8879
3095 8878
3096 8877
3097 8876
3098 8875
6264 8746
6265 8745
6266 8744
6267 8743
6268 8742
6269 8741
6270 8740
6271 8739
6272 8738
6273 8737
6274 9008
6275 9007
6276 9006
6277 9005
6278 9004
6279 9003
6280 9002
6281 9001
6282 9000
6283 8999
6284 8998
6285 8997
5648 11237
5649 11236
5650 11235
5651 11234
5652 11233
5653 11232
5654 7188
5655 7187
5656 7186
5657 7185
5658 8844
5659 8843
5660 8842
5661 8841
5662 8840
5663 8839
5664 8838
5665 8837
5666 8836
5667 8835
5668 8834
5669 8833
5670 8832
5671 8831
5672 8830
5673 8829
5674 8828
5675 8827
5676 8826
5677 8825
5678 8824
5679 8950
5680 8949
5681 8948
5682 8947
5683 8946
5684 8945
5685 8944
5686 8943
5687 8942
5688 8941
5689 8940
5690 8939
5691 8938
5692 8937
5693 8936
5694 8935
5695 8934
5696 8933
5697 8932
5698 8931
5699 8930
5700 8929
5701 8928
5703 8923
5704 8922
5705 8921
5706 8920
5707 8919
5708 8918
5709 8917
5710 8916
5711 8915
5712 8914
5713 13786
5714 13785
5715 13784
5716 13783
5717 13782
5718 13781
5719 13780
6186 13097
6187 13096
6188 13095
6189 13094
6190 13093
6324 13092
6325 13091
6326 13090
6327 13089
6328 13088
6329 13087
6330 13086
6331 13085
6332 13084
6333 13083
6334 13082
6335 13081
6336 13080
6337 13079
5596 11264
5597 11263
5598 11262
5599 11261
5600 11260
5601 11259
5602 11258
5603 11257
5604 11256
5605 11255
5606 13917
5607 13916
5608 13915
5609 13914
5610 13913
5611 13912
5612 13911
5613 13910
5614 13909
5615 13908
5616 13907
5617 13906
5618 13905
5619 13904
5797 9030
5798 9029
5799 9028
5800 9027
5801 9026
5802 9025
5803 9024
5804 9023
5805 9022
5806 9021
5807 11309
5808 11308
5809 11307
5810 11306
5811 11305
5812 11304
5813 11303
5814 11302
5815 11301
5816 11300
5817 11299
5818 11298
5819 11297
5820 11296
5821 11295
5822 11294
5300 11293
5301 11292
5302 11291
5303 11290
5304 11289
5305 11288
5306 11287
5307 11286
5308 14220
5309 14219
5310 14218
5311 14217
5312 14216
5313 14215
5314 14214
5315 14213
5231 11346
5232 11345
5233 11344
5234 11343
5235 11342
5236 11341
5237 11340
5238 11339
5239 12822
5240 12821
5241 12820
5242 12819
5243 12818
5244 12817
5245 12816
5048 12815
5049 12814
5050 12813
5051 12812
5052 12811
5053 12810
5054 12809
5055 12808
5056 12807
5057 12806
5058 12805
5059 12804
5060 12803
5061 12802
5062 12801
5063 12800
4954 9142
4955 9141
4956 9140
4957 9139
4958 9138
4959 9137
4960 9136
4961 9135
4962 9134
4963 9133
4964 11420
4965 11419
4966 11418
4967 11417
4968 11416
4969 11415
4970 11414
4971 11413
4972 11412
4973 11411
4974 11410
4975 11409
4976 11408
4977 11407
4978 11406
4979 11405
4980 11404
4981 11403
4982 11402
4983 11401
4984 11400
4985 11399
4986 11398
4987 11397
4988 11396
4989 11395
5896 11394
5897 11393
5898 11392
5899 11391
5900 11390
5901 11389
5902 11388
5903 11387
5904 9222
5905 9221
5906 9220
5907 9219
5908 9218
5909 9217
5910 9216
5911 9215
5912 11448
5913 11447
5914 11446
5915 11445
5916 11444
5917 11443
5918 11442
5919 11441
5920 11440
5921 11439
5922 11438
5923 11437
5924 11436
5925 11435
5926 13843
5927 13842
5928 13841
5929 13840
5930 13839
5931 13838
5932 13837
5933 13836
5934 13835
5935 13834
5544 11507
5545 11506
5546 11505
5547 11504
5548 11503
5549 11502
5550 11501
5551 11500
5552 11499
5553 11498
5554 11497
5555 11496
5556 11495
5557 11494
5558 11493
5348 11492
5349 11491
5350 11490
5351 11489
5352 11488
5353 11487
5354 11486
5355 11485
5356 9257
5357 9256
5358 9255
5359 9254
5360 9253
5361 9252
5362 9251
5363 9250
5364 14196
5365 14195
5366 14194
5367 14193
5368 14192
5369 14191
5370 14190
5371 14189
5372 14188
5392 11385
5393 11384
5394 11383
5395 11382
5396 11381
5397 11380
5398 11379
5399 11378
5400 11377
5401 11376
5402 9288
5403 9287
5404 9286
5405 9285
5406 9284
5407 9283
5408 9282
5409 9281
5410 9280
5411 9279
5412 9278
5413 9277
5414 9276
5415 9275
5416 9274
5417 9273
5418 9272
5419 9271
5420 9270
5421 9269
5422 9268
5423 11532
5424 11531
5425 11530
5426 11529
5427 11528
5428 11527
5429 11526
5430 11525
5431 11524
5432 11523
5433 11522
5434 11521
5435 13478
4821 9319
4822 9318
4823 9317
4824 9316
4825 9315
4826 9314
4827 9313
4828 9312
4829 9311
4830 9310
4831 9379
4832 9378
4833 9377
4834 9376
4835 9375
4836 9374
4837 9373
4838 9372
4839 9371
4840 9370
4841 9369
4842 9368
4843 9367
4844 9366
4845 9365
4846 9364
4847 9363
4848 9362
4849 9361
4850 9360
4851 9359
4852 9421
4853 9420
4854 9419
4855 9418
4856 9417
4857 9416
4858 9415
4859 9414
4860 9413
4861 9412
4862 9411
4863 9410
4864 9409
4865 9408
4866 9407
4867 9406
4868 9405
4869 9404
4870 9403
4871 9402
4872 9401
4873 12777
4874 12776
4875 12775
4876 12774
4877 12773
5950 13819
5951 13818
5952 13817
5953 13816
5954 13815
5955 13814
5956 13813
5957 13812
5958 13811
5959 13810
5960 11606
5961 11605
5962 11604
5963 11603
5964 11602
5965 11601
5966 11600
5967 11599
5968 11598
5969 11597
5970 11596
5971 11595
5972 11594
5973 11593
5974 11592
5975 11591
5976 11590
5977 11589
5978 11588
5979 11587
5980 11586
5981 11585
5982 11584
5983 11583
5984 11582
5985 11581
4637 11580
4638 11579
4639 11578
4640 11577
4641 11576
4642 11575
4643 11574
4644 11573
4645 9468
4646 9467
4647 9466
4648 9465
4649 9464
4650 9463
4651 9462
4652 9461
4653 11636
4654 11635
4655 11634
4656 11633
4657 11632
4658 11631
4659 11630
4660 11629
4661 11628
4662 11627
4663 11626
4664 11625
4665 11624
4666 11623
4667 11622
4668 11621
4669 11846
4670 11845
4671 11844
4672 11843
4673 11842
4674 11841
4675 11840
4676 11839
3998 9509
3999 9508
4000 9507
4001 9506
4002 9505
4003 9504
4004 9503
4005 9502
4006 9501
4007 9500
4008 9553
4009 9552
4010 9551
4011 9550
4012 9549
4013 9548
4014 9547
4015 9546
4016 9545
4017 9544
4018 9543
4019 9542
4020 9541
4021 9540
4022 9539
4023 9538
4024 9537
4025 9536
4026 9535
4027 9534
4028 9533
4029 9595
4030 9594
4031 9593
4032 9592
4033 9591
4034 9590
4035 9589
4036 9588
4037 9587
4038 9586
4039 9585
4040 9584
4041 9583
4042 9582
4043 9581
4044 9580
4045 9579
4046 9578
4047 9577
4048 9576
4049 9575
4050 14024
4051 14023
4052 14022
4053 14021
4054 14020
4055 14019
4437 11651
4438 11650
4439 11649
4440 11648
4441 11647
4442 11646
4443 13989
4444 13988
4445 13987
4446 13986
4447 11714
4448 11713
4449 11712
4450 11711
4451 11710
4452 11709
4453 11708
4454 11707
4455 11706
4456 11705
4457 11704
4458 11703
4459 11702
4460 11701
4461 11700
4462 11699
6094 11698
6095 11697
6096 11696
6097 11695
6098 11694
6099 11693
6100 11692
6101 11691
6102 11690
6103 11689
6104 9631
6105 9630
6106 9629
6107 9628
6108 9627
6109 9626
6110 9625
6111 9624
6112 9623
6113 9622
6114 9621
6115 9620
6116 9619
6117 9618
6118 9617
6119 9616
6120 11753
6121 11752
6122 11751
6123 11750
6124 11749
6125 11748
6126 12209
6127 12208
6128 12207
6129 12206
4900 9670
4901 9669
4902 9668
4903 9667
4904 9666
4905 9665
4906 9664
4907 9663
4908 9662
4909 9661
4910 9660
4911 9659
4912 9658
4913 9657
4914 9656
4707 9655
4708 9654
4709 9653
4710 9652
4711 9651
4712 9650
4713 9649
4714 9648
4715 9647
4716 9646
4717 9645
4718 9644
4719 9643
4720 9642
4721 9641
4722 9640
4723 11820
4724 11819
4725 11818
4726 11817
4727 11816
4728 11815
3925 13549
3926 13548
3927 13547
3928 13546
3929 13545
3930 13544
3931 13543
3932 13542
3933 13541
3934 13540
3935 9721
3936 9720
3937 9719
3938 9718
3939 9717
3940 9716
3941 9715
3942 9714
3943 9713
3944 9712
3945 9711
3946 9710
3947 9709
3948 9708
3949 9707
3950 9706
3951 9705
3952 9704
3953 9703
3954 9702
3955 9701
3956 9763
3957 9762
3958 9761
3959 9760
3960 9759
3961 9758
3962 9757
3963 9756
3964 9755
3965 9754
3966 9753
3967 9752
3968 9751
3969 9750
3970 9749
3971 9748
3972 9747
3973 9746
3974 9745
3975 9744
3976 9743
3977 11798
3978 11797
3979 11796
3980 11795
3981 11794
3982 11793
3983 9522
3984 9521
1268 8444
1269 8443
1270 8442
1271 8441
1272 8440
1273 8439
1274 8438
1275 8437
1276 8436
1277 8435
1278 11880
1279 11879
1280 11878
1281 11877
1282 11876
1283 11875
1284 11874
1285 11873
1286 11872
1287 11871
1288 11870
1289 11869
1290 11868
1291 11867
1292 11866
1293 11865
1294 11864
1295 11863
1296 11862
1297 11861
1298 11860
1299 11859
1300 11858
1301 11857
1302 11856
1303 11855
1530 11854
1531 11853
1532 11852
1533 11851
1534 11850
1535 11849
1536 11848
1537 11847
1538 9810
1539 9809
1540 9808
1541 9807
1542 9806
1543 9805
1544 9804
1545 9803
1546 8307
1547 8306
1548 8305
1549 8304
2486 9828
2487 9827
2488 9826
2489 9825
2490 9824
2491 9823
2492 9822
2493 9821
2494 9820
2495 9819
2496 9895
2497 9894
2498 9893
2499 9892
2500 9891
2501 9890
2502 9889
2503 9888
2504 9887
2505 9886
2506 9885
2507 9884
2508 9883
2509 9882
2510 9881
2511 9880
2512 9879
2513 9878
2514 9877
2515 9876
2516 9875
2517 12384
2518 12383
2519 12382
2520 12381
2315 9926
2316 9925
2317 9924
2318 9923
2319 9922
2320 9921
2321 9920
2322 9919
2323 9918
2324 9917
2325 11928
2326 11927
2327 11926
2328 11925
2329 11924
2330 11923
2331 11922
2332 11921
2333 11920
2334 11919
2335 11918
2336 11917
2337 11916
2338 11915
2339 11914
2340 11913
2341 11912
2342 11911
2343 11910
2344 11909
2345 11908
2346 11907
2347 11906
2348 11905
2349 11904
2350 11903
2581 11902
2582 11901
2583 11900
2584 11899
2585 11898
2586 11897
2587 11896
2588 11895
2589 10001
2590 10000
2591 9999
2592 9998
2593 9997
2594 9996
2595 9995
2596 9994
2597 12424
2598 12423
2208 9958
2209 9957
2210 9956
2211 9955
2212 9954
2213 9953
2214 9952
2215 9951
2216 9950
2217 9949
2218 10032
2219 10031
2220 10030
2221 10029
2222 10028
2223 10027
2224 10026
2225 10025
2226 10024
2227 10023
2228 10022
2229 10021
2230 10020
2231 10019
2232 10018
2233 10017
2234 10016
2235 10015
2236 10014
2237 10013
2238 10012
2239 11968
2240 11967
2241 11966
2242 11965
2243 11964
2244 11963
2245 11962
2246 11961
2247 11960
2248 11959
2249 11958
2250 11957
2251 11956
2252 11955
2253 11954
2254 11953
3757 11952
3758 11951
3759 11950
3760 11949
3761 11948
3762 11947
3763 11946
3764 11945
3765 11944
3766 11943
3767 10068
3768 10067
3769 10066
3770 10065
3771 10064
3772 10063
3773 10062
3774 10061
3775 10060
3776 10059
3777 10058
3778 10057
3779 10056
3780 10055
3781 10054
3782 10053
3783 13685
3784 13684
3785 13683
3786 13682
3787 13681
3788 13680
3789 13679
3790 13678
3791 13677
3792 13676
3793 13675
3794 13674
3795 13673
6422 13062
6423 13061
6424 13060
6425 13059
6426 13058
6427 13057
6428 13056
6429 13055
6430 13054
6431 13053
6432 12027
6433 12026
6434 12025
6435 12024
6436 12023
6437 12022
6438 12021
6439 12020
6440 12019
6441 12018
6442 12017
6443 12016
6444 12015
6445 12014
6446 12013
6447 12012
2026 12011
2027 12010
2028 12009
2029 12008
2030 12007
2031 12006
2032 12005
2033 12004
2034 12003
2035 12002
2036 10093
2037 10092
2038 10091
2039 10090
2040 10089
2041 10088
2042 10087
2043 10086
2044 10085
2045 10084
2046 10083
2047 10082
2048 10081
2049 10080
2050 10079
2051 10078
2052 12682
2053 12681
2054 12680
2055 12679
2056 12678
2057 12677
2058 12676
1151 12562
1152 12561
1153 12560
1154 12559
1155 12558
1156 12557
1157 12556
1158 12555
1159 12554
1160 12553
1161 10124
1162 10123
1163 10122
1164 10121
1165 10120
1166 10119
1167 10118
1168 10117
1169 10116
1170 10115
1171 10114
1172 10113
1173 10112
1174 10111
1175 10110
1176 10109
1177 10108
1178 10107
1179 10106
1180 10105
1181 10104
1182 10166
1183 10165
1184 10164
1185 10163
1186 10162
1187 10161
1188 10160
1189 10159
1190 10158
1191 10157
1192 10156
1193 10155
1194 10154
1195 10153
1196 10152
1197 10151
1198 10150
1199 10149
1200 10148
1201 10147
1202 10146
1203 13239
1204 13238
1205 13237
1206 13236
1207 13235
1208 13234
1209 13233
1210 13232
1211 13231
1212 13230
3798 13669
3799 13668
3800 13667
3801 13666
3802 13665
3803 13664
3804 13663
3805 13662
3806 13661
3807 13660
3808 10208
3809 10207
3810 10206
3811 10205
3812 10204
3813 10203
3814 10202
3815 10201
3816 10200
3817 10199
3818 10198
3819 10197
3820 10196
3821 10195
3822 10194
3823 10193
3824 10192
3825 10191
3826 10190
3827 10189
3828 10188
3829 12086
3830 12085
3831 12084
3832 12083
3833 12082
3834 12081
3835 12080
3836 12079
3837 12078
3838 12077
3839 12076
3840 12075
3841 12074
3842 12073
3843 12072
3844 12071
4125 12070
4126 12069
4127 12068
4128 12067
4129 12066
4130 12065
4131 12064
4132 12063
4133 12062
4134 12061
4135 10244
4136 10243
4137 10242
4138 10241
4139 10240
4140 10239
4141 10238
4142 10237
4143 10236
4144 10235
4145 10234
4146 10233
4147 10232
4148 10231
4149 10230
4150 10229
4151 14078
4152 14077
4153 14076
4154 14075
4155 14074
4156 14073
4157 14072
4158 14071
4159 14070
4160 14069
4161 14068
2149 14134
2150 14133
2151 14132
6362 10260
6363 10259
6364 10258
6365 10257
6366 10256
6367 10255
6368 10254
6369 10253
6370 10252
6371 10251
6372 12127
6373 12126
6374 12125
6375 12124
6376 12123
6377 12122
6378 12121
6379 12120
6380 13895
6381 13894
6382 13893
6383 13892
6384 13891
6385 13890
6386 13889
6387 13888
4331 13887
4332 13886
4333 13885
4334 13884
4277 12746
4278 12745
4279 12744
4280 12743
4281 12742
4282 12741
4283 12740
4284 12739
4285 12738
4286 12737
4287 12736
4288 12735
4289 12734
4290 12733
4291 12732
2091 12731
2092 12730
2093 12729
2094 12728
2095 12727
2096 12726
2097 12725
2098 12724
2099 12723
6136 12193
6137 12192
6138 12191
6139 12190
6140 12189
4366 12188
4367 12187
4368 12186
4369 12185
4370 12184
4371 12183
4372 12182
4373 12181
4374 12180
4375 12179
4376 12178
4377 12177
4378 12176
4379 12175
4380 14249
4381 14248
4382 14247
4383 14246
4384 14245
4385 14244
4408 12770
4409 12769
4410 12768
4411 12767
4412 12766
4413 12765
4414 12764
4415 12763
4416 12762
4417 12761
4418 11671
4419 11670
4420 11669
4421 11668
4422 11667
4423 11666
4424 11665
4425 11664
4426 11663
4427 11662
4428 11661
4429 11660
4430 11659
4431 11658
4432 11657
4433 11656
2706 10572
2705 10573
2704 10574
2703 10575
2702 10576
2701 10577
2700 12210
2699 12211
2698 12212
2697 12213
2696 12214
2695 12215
2694 12216
2693 12217
2692 12218
2691 12219
2690 12220
2689 12221
2688 12222
2687 12223
2686 12224
2662 12270
2663 12269
2664 12268
2665 13648
2666 13647
2667 13646
2668 13645
2669 13644
2670 13643
2671 13642
2672 13641
2673 12238
2674 12237
2675 12236
2676 12235
2677 12234
2678 12233
2679 12232
2680 12231
2681 12230
2682 12229
2734 7570
2733 7571
2732 7572
2731 7573
2730 7574
2721 7582
2722 7581
2723 7580
2724 7579
2801 7594
2800 7595
2799 7596
2791 7601
2792 7600
2793 7599
30 8588
29 12407
28 12408
27 12409
26 12410
25 12411
24 12322
23 12323
22 12324
21 12325
20 12326
19 12327
3 12344
4 12343
5 12342
6 12341
7 12340
8 12339
9 12338
10 12337
11 12336
12 12335
13 12334
14 12333
1457 12389
1456 12390
1455 12391
1454 12392
1453 12393
1452 12394
1451 12395
1441 8589
1442 12406
1443 12405
1444 12404
1445 12403
1446 12402
1447 12401
2562 12427
2561 12428
2560 12429
2559 12430
2558 12431
2557 12432
2556 12433
2555 12434
2554 12435
2553 12436
2552 12437
2551 12438
2550 12439
2549 12440
2548 12441
2547 12442
2546 12443
2545 12444
2544 12445
2543 12446
2521 12380
2522 12379
2523 12378
2524 12377
2525 12376
2526 12375
2527 12374
2528 12463
2529 12462
2530 12461
2531 12460
2532 12459
2533 12458
2534 12457
2535 12456
2536 12455
2537 12454
2538 12453
2539 12452
2540 12451
2651 13630
2650 13631
2649 13632
2648 13633
2647 13634
2646 13635
2645 13636
2644 13637
2643 13638
2642 13639
2641 13640
2640 12239
2639 12240
2638 12241
2637 12242
2636 12243
2635 12244
2634 12245
2633 12246
2632 12247
2631 12248
2630 12249
2629 12250
2628 12251
2599 12422
2600 12421
2601 12420
2602 12419
2603 12418
2604 12417
2605 12416
2606 12415
2607 12414
2608 12413
2609 12412
2610 12267
2611 12266
2612 12265
2613 12264
2614 12263
2615 12262
2616 12261
2617 12260
2618 12259
2619 12258
2620 12257
2621 12256
2622 12255
2623 12254
899 8090
898 8091
891 8099
892 8098
893 8097
1050 12464
1049 12465
1048 12466
1047 12467
1046 12468
1045 12469
1044 12470
1032 12481
1033 12480
1034 12479
1035 12478
1036 12477
1037 12476
1038 12475
818 8120
817 12511
816 12512
815 12513
814 12514
813 12515
812 12516
811 12517
810 12518
809 12519
808 12520
807 12521
806 12522
805 12523
791 12542
792 12541
793 12540
794 12539
795 12538
796 12537
797 12536
798 12535
799 12534
800 12533
801 12532
802 12531
803 12530
1150 12563
1149 12564
1148 12565
1147 12566
1146 12567
1145 12568
1144 12569
1143 12570
1142 12571
1141 12572
1140 12573
1139 12574
1138 12575
1137 12576
1136 12577
1135 12578
1115 12597
1116 12596
1117 12595
1118 12594
1119 12593
1120 12592
1121 12591
1122 12590
1123 12589
1124 12588
1125 12587
1126 12586
1127 12585
1128 12584
1129 12583
1130 12582
1131 12581
1900 11038
1899 11039
1898 11040
1897 11041
1893 11051
1894 11050
1895 11049
1896 11048
1756 7901
1755 7902
1754 7903
1753 7904
1752 7905
1751 7906
1750 7907
1749 7908
1748 7909
1747 7910
1746 7911
1733 7929
1734 7928
1735 7927
1736 7926
1737 7925
1738 7924
1739 7923
1740 7922
1741 7921
1742 7920
1743 7919
2411 8141
2410 8142
2409 8143
2408 8144
2407 8145
2406 8146
2405 8147
2404 8148
2403 8149
2402 8150
2401 8151
2400 8152
2387 8170
2388 8169
2389 8168
2390 8167
2391 8166
2392 8165
2393 8164
2394 8163
2395 8162
2396 8161
2397 8160
2398 8159
2314 9927
2313 9928
2312 9929
2311 9930
2302 9938
2303 9937
2304 9936
2305 9935
1992 12690
1991 12691
1990 12692
1989 12693
1988 12694
1987 12695
1986 12696
1985 12697
1984 12698
1983 12699
1967 12712
1968 12711
1969 12710
1970 12709
1971 12708
1972 12707
1973 12706
1974 12705
1975 12704
1976 12703
2207 9959
2206 9960
2205 9961
2204 9962
2203 9963
2202 9964
2201 9965
2200 12610
2199 12611
2198 12612
2197 12613
2196 12614
2195 12615
2194 12616
2193 12617
2192 12618
2191 12619
2190 12620
2189 12621
2188 12622
2187 12623
2186 12624
2185 12625
2184 12626
2159 14156
2160 14155
2161 14154
2162 14153
2163 14152
2164 14151
2165 14150
2166 14149
2167 14148
2168 14147
2169 14146
2170 12643
2171 12642
2172 12641
2173 12640
2174 12639
2175 12638
2176 12637
2177 12636
2178 12635
2179 12634
2180 12633
2081 10309
2080 10310
2079 10311
2078 10312
2077 10313
2076 10314
2075 10315
2074 10316
2073 10317
2059 12675
2060 10329
2061 10328
2062 10327
2063 10326
2064 10325
2065 10324
2066 10323
2067 10322
2068 10321
2148 14135
2147 14136
2146 14137
2145 14138
2144 14139
2143 14140
2142 14141
2141 14142
2140 14143
2139 14144
2138 14145
2137 12644
2136 12645
2135 12646
2134 12647
2133 12648
2132 12649
2131 12650
2130 12651
2129 12652
2128 12653
2100 12722
2101 12721
2102 12720
2103 12719
2104 12718
2105 12717
2106 12674
2107 12673
2108 12672
2109 12671
2110 12670
2111 12669
2112 12668
2113 12667
2114 12666
2115 12665
2116 12664
2117 12663
2118 12662
2119 12661
2120 12660
2121 12659
5031 9115
5026 9122
5027 9121
5083 12783
5082 12784
5081 12785
5080 12786
5079 12787
5078 12788
5077 12789
5076 12790
5064 12799
5065 12798
5066 12797
5067 12796
5068 12795
5069 12794
5070 12793
4953 9143
4952 9144
4951 9145
4950 9146
4949 9147
4948 9148
4947 9149
4946 9150
4945 9151
4944 9152
4930 9163
4931 9162
4932 9161
4933 9160
4934 9159
4935 9158
4936 9157
4937 9156
4938 9155
4899 9671
4898 9672
4897 9673
4896 9674
4895 9675
4894 9676
4893 9677
4892 9678
4891 9679
4878 12772
4879 12771
4880 9690
4881 9689
4882 9688
4883 9687
4884 9686
4885 9685
4886 9684
4887 9683
3011 7206
3010 7207
3009 7208
3008 7209
3007 7210
3006 7211
3005 7212
3004 7213
3003 7214
3002 7215
3001 7216
3000 7217
2999 7218
2998 7219
2997 7220
2996 7221
2995 7222
2994 7223
2993 7224
2970 12829
2971 12828
2972 12827
2973 12826
2974 12825
2975 12824
2976 12823
2977 7241
2978 7240
2979 7239
2980 7238
2981 7237
2982 7236
2983 7235
2984 7234
2985 7233
2986 7232
2987 7231
2988 7230
2989 7229
2959 10345
2958 10346
2957 10347
2956 10348
2955 10349
2954 10350
2953 10351
2952 10352
2951 10353
2950 10354
2935 10368
2936 10367
2937 10366
2938 10365
2939 10364
2940 10363
2941 10362
2942 10361
2943 10360
2944 10359
2882 7518
2881 7519
2880 7520
2879 7521
2878 7522
2868 7531
2869 7530
2870 7529
2871 7528
2872 7527
6959 7552
6958 7553
6957 7554
6956 7555
6955 7556
6954 7557
6953 12863
6952 12864
6951 12865
6950 12866
6949 12867
6948 12868
6947 12869
6946 12870
6945 12871
6944 12872
6943 12873
6942 12874
6941 12875
6940 12876
6939 12877
6938 12878
6937 12879
6914 10803
6915 10802
6916 10801
6917 10800
6918 10799
6919 10798
6920 10797
6921 10796
6922 10795
6923 10794
6924 10793
6925 12896
6926 12895
6927 12894
6928 12893
6929 12892
6930 12891
6931 12890
6932 12889
6933 12888
6934 12887
6935 12886
6936 12885
6883 10782
6882 10783
6881 10784
6880 10785
6879 10786
6878 10787
6877 10788
6876 10789
6875 10790
6874 10791
6873 10792
6872 12897
6871 12898
6870 12899
6869 12900
6868 12901
6867 12902
6866 12903
6845 12927
6846 12926
6847 12925
6848 12924
6849 12923
6850 12922
6851 12921
6852 12920
6853 12919
6854 12918
6855 12917
6856 12916
6857 12915
6858 12914
6859 12913
6860 12912
6861 12911
6862 12910
6792 12948
6791 12949
6790 12950
6787 12959
6788 12958
6789 12957
3070 8662
3069 8663
3068 8664
3067 8665
3066 8666
3065 8667
3064 8668
3063 8669
3062 8670
3061 8671
3060 8672
3059 8673
3058 8674
3057 8675
3056 8676
3055 8677
3054 8678
3053 8679
3052 8680
3051 8681
3050 8682
3030 12968
3031 12967
3032 12966
3033 12965
3034 12964
3035 8701
3036 8700
3037 8699
3038 8698
3039 8697
3040 8696
3041 8695
3042 8694
3043 8693
3044 8692
3045 8691
3046 8690
3047 8689
3048 8688
3049 8687
6568 13011
6567 13012
6566 13013
6565 13014
6564 13015
6563 13016
6562 13017
6561 13018
6560 13019
6559 13020
6558 13021
6557 13022
6556 13023
6555 13024
6538 13039
6539 13038
6540 13037
6541 13036
6542 13035
6543 13034
6544 13033
6545 13032
6546 13031
6547 13030
6548 13029
6549 13028
6550 13027
6551 13026
6636 8789
6635 8790
6634 8791
6633 8792
6632 8793
6631 8794
6630 8795
6629 8796
6628 8797
6627 8798
6626 8799
6625 8800
6624 8801
6623 8802
6605 13006
6606 13005
6607 13004
6608 13003
6609 13002
6610 8813
6611 8812
6612 8811
6613 8810
6614 8809
6615 8808
6616 8807
6617 8806
6618 8805
6714 8765
6713 8766
6712 8767
6711 8768
6703 8774
6704 8773
6705 8772
6706 8771
6309 8968
6308 8969
6307 8970
6306 8971
6305 8972
6304 8973
6303 8974
6302 8975
6301 8976
6300 8977
6299 8978
6298 8979
6286 8996
6287 8995
6288 8994
6289 8993
6290 8992
6291 8991
6292 8990
6293 8989
6294 8988
6295 8987
6296 8986
6297 8985
6507 10602
6506 10603
6505 10604
6504 10605
6503 10606
6502 10607
6501 10608
6500 10609
6499 10610
6498 10611
6497 10612
6496 10613
6495 10614
6494 10615
6493 10616
6474 13042
6475 13041
6476 10633
6477 10632
6478 10631
6479 10630
6480 10629
6481 10628
6482 10627
6483 10626
6484 10625
6485 10624
6486 10623
6487 10622
6488 10621
6421 13063
6420 13064
6414 13072
6415 13071
6416 13070
6361 10261
6360 10262
6359 10263
6358 10264
6357 10265
6356 10266
6355 10267
6354 10268
6353 10269
6352 10270
6351 10271
6350 10272
6338 13078
6339 13077
6340 10288
6341 10287
6342 10286
6343 10285
6344 10284
6345 10283
6346 10282
6347 10281
6348 10280
6349 10279
389 13172
388 13131
387 13132
386 13133
385 13134
384 13135
383 13136
382 13137
381 13138
380 13139
379 13140
378 13273
377 13274
376 13275
375 13276
374 13277
373 13278
372 13279
371 13280
370 13281
345 10715
346 10714
347 10713
348 10712
349 10711
350 10710
351 10709
352 10708
353 10707
354 10706
355 10705
356 13293
357 13292
358 13291
359 13290
360 13289
361 13288
362 13287
363 13286
364 13285
215 13350
214 13351
213 13352
212 13353
211 13354
210 13355
209 13356
208 13357
207 13358
206 13359
205 13360
204 13361
203 13362
202 13363
201 13364
184 13174
185 13173
186 13381
187 13380
188 13379
189 13378
190 13377
191 13376
192 13375
193 13374
194 13373
195 13372
196 13371
197 13370
198 13369
131 13195
130 13196
124 13203
125 13202
1347 8414
1346 8415
1345 8416
1340 8424
1341 8423
1342 8422
728 13250
727 13209
726 13210
725 13211
724 13212
723 13213
722 13214
721 13215
720 13216
719 13217
718 13218
717 13421
716 13422
715 13423
714 13424
713 13425
712 13426
711 13251
710 13252
709 13253
708 13254
707 13255
706 13256
705 13257
674 13151
675 13150
676 13149
677 13148
678 13147
679 13146
680 13145
681 13144
682 13143
683 13142
684 13141
685 13272
686 13271
687 13270
688 13269
689 13268
690 13267
691 13266
692 13265
693 13264
694 13263
695 13262
696 13261
697 13260
698 13259
314 10694
313 10695
312 10696
311 10697
310 10698
309 10699
308 10700
307 10701
306 10702
305 10703
304 10704
303 13294
302 13295
301 13296
300 13297
299 13298
298 13299
297 13300
296 13301
295 13302
294 13303
293 13304
292 13305
291 13306
290 13307
289 13308
288 13309
258 13339
259 13338
260 13337
261 13336
262 13335
263 13334
264 13333
265 13332
266 13331
267 13330
268 13329
269 13328
270 13327
271 13326
272 13325
273 13324
274 13323
275 13322
276 13321
277 13320
278 13319
279 13318
280 13317
281 13316
282 13315
283 13314
284 13313
1267 8445
1266 8446
1265 8447
1264 8448
1263 8449
1262 8450
1261 8451
1260 8452
1259 13382
1258 13383
1257 13384
1256 13385
1255 13386
1254 13387
1253 13388
1252 13389
1251 13390
1250 13391
1249 13392
1248 13393
1247 13394
1246 13395
1245 13396
1244 13397
1243 13398
1242 13399
1241 13400
1213 13229
1214 13228
1215 13227
1216 13226
1217 13225
1218 13224
1219 13223
1220 13222
1221 13221
1222 13220
1223 13219
1224 13420
1225 13419
1226 13418
1227 13417
1228 13416
1229 13415
1230 13414
1231 13413
1232 13412
1233 13411
1234 13410
1235 13409
1236 13408
1237 13407
3232 10411
3231 10412
3230 10413
3225 10421
3226 10420
3276 10497
3275 10498
3267 10502
3268 10501
3172 7164
3171 7165
3170 7166
3169 7167
3161 7174
3162 7173
3163 7172
3164 7171
5595 11265
5594 11266
5593 11267
5592 11268
5591 11269
5590 11270
5589 11271
5588 11272
5587 11273
5574 11281
5575 11280
5576 11279
5577 11278
5578 11277
5579 11276
5580 11275
5581 11274
5543 11508
5542 11509
5541 11510
5540 11511
5529 11516
5530 11515
5531 11514
5532 11513
5533 11512
3367 13499
3366 13500
3365 13501
3364 13502
3363 13503
3362 13504
3361 13505
3360 13506
3359 13507
3358 13508
3357 13509
3356 13510
3355 13511
3354 13512
3340 13428
3341 13427
3342 13528
3343 13527
3344 13526
3345 13525
3346 13524
3347 13523
3348 13522
3349 13521
3350 13520
3351 13519
3352 13518
3353 13517
3666 12282
3665 12283
3664 12284
3663 12285
3662 12286
3661 12287
3660 12288
3659 12289
3658 12290
3657 12291
3656 12292
3655 12293
3654 12294
3653 12295
3652 12296
3651 12297
3650 12298
3649 12299
3648 12300
3647 12301
3624 13484
3625 13483
3626 13482
3627 13481
3628 13480
3629 13479
3630 12321
3631 12320
3632 12319
3633 12318
3634 12317
3635 12316
3636 12315
3637 12314
3638 12313
3639 12312
3640 12311
3641 12310
3642 12309
3643 12308
3644 12307
5167 11546
5166 11547
5165 11548
5164 11549
5163 11550
5162 11551
5161 11552
5160 11553
5159 11554
5158 11555
5157 11556
5156 11557
5141 11572
5142 11571
5143 11570
5144 11569
5145 11568
5146 11567
5147 11566
5148 11565
5149 11564
5150 11563
5151 11562
4820 9320
4819 9321
4818 9322
4817 9323
4816 9324
4815 9325
4814 9326
4813 9327
4812 9328
4811 9329
4810 9330
4809 9331
4797 13529
4798 9348
4799 9347
4800 9346
4801 9345
4802 9344
4803 9343
4804 9342
4805 9341
4806 9340
4807 9339
4808 9338
3717 13699
3716 13700
3715 13581
3714 13582
3713 13583
3712 13584
3711 13585
3710 13586
3709 13587
3708 13588
3707 13589
3706 13590
3705 13591
3704 13592
3703 13593
3702 13594
3701 13595
3700 13596
3679 13618
3680 13617
3681 13616
3682 13615
3683 13614
3684 13613
3685 13612
3686 13611
3687 13610
3688 13609
3689 13608
3690 13607
3691 13606
3692 13605
3693 13604
3694 13603
3695 13602
3696 13601
3924 13550
3923 13551
3922 13552
3921 13553
3920 13554
3919 13555
3918 13556
3917 13557
3916 13558
3915 13559
3914 13560
3913 13561
3912 13562
3911 13563
3892 13649
3893 13580
3894 13579
3895 13578
3896 13577
3897 13576
3898 13575
3899 13574
3900 13573
3901 13572
3902 13571
3903 13570
3904 13569
3905 13568
5465 13449
5464 13450
5463 13451
5462 13452
5461 13453
5460 13454
5459 13455
5458 13456
5457 13457
5456 13458
5455 13459
5454 13460
5453 13461
5436 13477
5437 13476
5438 13475
5439 13474
5440 13473
5441 13472
5442 13471
5443 13470
5444 13469
5445 13468
5446 13467
5447 13466
5448 13465
3485 12848
3484 12849
3483 12850
3482 12851
3475 12858
3476 12857
3477 12856
3478 12855
3422 7121
3421 7122
3420 7123
3419 7124
3418 7125
3417 7126
3406 7134
3407 7133
3408 7132
3409 7131
3410 7130
3411 7129
3412 7128
3532 10458
3531 10459
3530 10460
3529 10461
3528 10462
3527 10463
3526 10464
3525 10465
3512 10475
3513 10474
3514 10473
3515 10472
3516 10471
3517 10470
3518 10469
3519 10468
3520 10467
6231 13794
6230 13795
6229 13796
6228 13797
6227 13701
6226 13702
6225 13703
6224 13704
6223 13705
6222 13706
6221 13707
6220 13708
6219 13709
6218 13710
6217 13711
6216 13712
6196 13731
6197 13730
6198 13729
6199 13728
6200 13727
6201 13726
6202 13725
6203 13724
6204 13723
6205 13722
6206 13721
6207 13720
6208 13719
6209 13718
6210 13717
6211 13716
5623 13932
5622 13933
5763 13934
5762 13935
5761 13936
5760 13937
5759 13938
5758 13939
5757 13940
5756 13941
5755 13942
5754 13746
5753 13747
5752 13748
5751 13749
5750 13750
5749 13751
5748 13752
5747 13753
5746 13754
5745 13755
5720 13779
5721 13778
5722 13777
5723 13776
5724 13775
5725 13774
5726 13773
5727 13772
5728 13771
5729 13770
5730 13769
5731 13768
5732 13767
5733 13766
5734 13765
5735 13764
5736 13763
5737 13762
5738 13761
5739 13760
5740 13759
5855 11473
5854 11474
5849 11479
5850 11478
6057 11764
6056 11765
6055 11766
6054 11767
6053 11768
6052 11769
6051 11770
6050 11771
6049 11772
6048 11773
6047 11774
6046 11775
6045 11776
6044 11777
6043 11778
6022 13799
6023 13798
6024 11792
6025 11791
6026 11790
6027 11789
6028 11788
6029 11787
6030 11786
6031 11785
6032 11784
6033 11783
6034 11782
6035 11781
6036 11780
6185 13098
6184 13099
6183 13100
6182 13101
6181 13102
6180 13103
6179 13104
6178 13105
6177 13106
6176 13107
6175 13108
6174 13109
6173 13110
6172 13111
6171 13112
6170 13113
6169 13114
6168 13115
6146 13849
6147 13848
6148 13847
6149 13846
6150 13845
6151 13844
6152 13130
6153 13129
6154 13128
6155 13127
6156 13126
6157 13125
6158 13124
6159 13123
6160 13122
6161 13121
6162 13120
6163 13119
5796 9031
5795 9032
5794 9033
5793 9034
5792 9035
5791 9036
5790 9037
5789 9038
5788 9039
5787 9040
5786 9041
5785 9042
5784 9043
5783 9044
5782 9045
5781 9046
5620 13903
5621 13902
5764 13901
5765 13900
5766 13899
5767 13898
5768 13897
5769 13896
5770 9058
5771 9057
5772 9056
5773 9055
5774 9054
5775 9053
5776 9052
5777 9051
5949 13820
5948 13821
5947 13822
5946 13823
5945 13824
5936 13833
5937 13832
5938 13831
5939 13830
5940 13829
6135 12194
6134 12195
6133 12196
6130 12205
6131 12204
6132 12203
1664 8260
1663 8261
1662 8262
1661 8263
1660 8264
1659 8265
1658 8266
1650 8276
1651 8275
1652 8274
1653 8273
1654 8272
1655 8271
1509 8312
1508 8313
1507 8314
1506 8315
1505 8316
1504 8317
1503 8318
1502 8319
1493 8329
1494 8328
1495 8327
1496 8326
1497 8325
1498 8324
1499 8323
2485 9829
2484 9830
2480 9837
2481 9836
1555 8297
1550 8303
1551 8302
563 7800
562 7801
561 7802
560 7803
559 7804
558 7805
549 7814
550 7813
551 7812
552 7811
553 7810
554 7809
632 10639
628 10644
2847 7640
2846 7641
2845 7642
2844 7643
2843 7644
2842 7645
2841 7646
2840 7647
2831 7655
2832 7654
2833 7653
2834 7652
2835 7651
2836 7650
2837 7649
7078 7676
7077 7677
7076 7678
7075 7679
7074 7680
7073 7681
7063 7692
7064 7691
7065 7690
7066 7689
7067 7688
7068 7687
7069 7686
7070 7685
6758 8706
6757 8707
6756 8708
6755 8709
6754 8710
6753 8711
6752 8712
6751 8713
6750 8714
6749 8715
6737 8726
6738 8725
6739 8724
6740 8723
6741 8722
6742 8721
6743 8720
6744 8719
6745 8718
3106 8867
3105 8868
3099 8874
3100 8873
3101 8872
6263 8747
6262 8748
6261 8749
6260 8750
6249 8756
6250 8755
6251 8754
6252 8753
6253 8752
4530 14031
4529 14032
4528 14033
4527 14034
4526 14035
4525 13943
4524 13944
4523 13945
4522 13946
4521 13947
4520 13948
4519 13949
4518 13950
4517 13951
4516 13952
4515 13953
4514 13954
4513 13955
4489 13975
4490 13974
4491 13973
4492 13972
4493 13971
4494 13970
4495 13969
4496 13968
4497 13967
4498 13966
4499 13965
4500 13964
4501 13963
4502 13962
4503 13961
4504 13960
4505 13959
4506 13958
4507 13957
4087 14090
4086 13990
4085 13991
4084 13992
4083 13993
4082 13994
4081 13995
4080 13996
4079 13997
4078 13998
4077 13999
4076 14000
4075 14001
4074 14002
4056 14018
4057 14017
4058 14016
4059 14015
4060 14014
4061 14013
4062 14012
4063 14011
4064 14010
4065 14009
4066 14008
4067 14007
4068 14006
2155 14160
2154 14161
4207 14162
4206 14163
4205 14164
4204 14165
4203 14166
4202 14167
4201 14168
4200 14169
4199 14170
4198 14171
4197 14172
4196 14036
4195 14037
4194 14038
4193 14039
4192 14040
4191 14041
4190 14042
4162 14067
4163 14066
4164 14065
4165 14064
4166 14063
4167 14062
4168 14061
4169 14060
4170 14059
4171 14058
4172 14057
4173 14056
4174 14055
4175 14054
4176 14053
4177 14052
4178 14051
4179 14050
4180 14049
4181 14048
4182 14047
4183 14046
4246 11688
4245 14091
4244 14092
4243 14093
4242 14094
4241 14095
4240 14096
4239 14097
4238 14098
4237 14099
4236 14100
4235 14101
4234 14102
4233 14103
4232 14104
4231 14105
4230 14106
4229 14107
4228 14108
2152 14131
2153 14130
4208 14129
4209 14128
4210 14127
4211 14126
4212 14125
4213 14124
4214 14123
4215 14122
4216 14121
4217 14120
4218 14119
4219 14118
4220 14117
4221 14116
4222 14115
4223 14114
5283 9062
5282 9063
5281 9064
5280 9065
5279 9066
5278 9067
5277 9068
5276 9069
5275 9070
5274 9071
5273 9072
5261 9083
5262 9082
5263 9081
5264 9080
5265 9079
5266 9078
5267 9077
5268 9076
5269 9075
5322 14206
5316 14212
5317 14211
5230 11347
5229 11348
5228 11349
5227 11350
5226 11351
5225 11352
5224 11353
5212 11365
5213 11364
5214 11363
5215 11362
5216 11361
5217 11360
5218 11359
5219 11358
5391 11386
5390 14173
5389 14174
5388 14175
5387 14176
5386 14177
5385 14178
5384 14179
5383 14180
5373 14187
5374 14186
5375 14185
5376 14184
5377 14183
5378 14182
5379 14181
4596 9484
4595 9485
4589 9489
4684 11827
4683 11828
4677 11838
4678 11837
4679 11836
4680 11835
4736 11807
4735 11808
4734 11809
4729 11814
4730 11813
3997 9510
3996 9511
3995 9512
3985 9520
3986 9519
3987 9518
3988 9517
3989 9516
4326 12148
4325 12149
4324 12150
4323 12151
4322 12152
4321 12153
4320 12154
4319 12155
4318 12156
4317 12157
4307 12170
4308 12169
4309 12168
4310 12167
4311 12166
4312 12165
4313 12164
4314 12163
4315 12162
4345 13875
4344 13876
4343 13877
4335 13883
4336 13882
4337 13881
4338 13880
4407 14221
4406 14222
4405 14223
4404 14224
4403 14225
4402 14226
4401 14227
4400 14228
4399 14229
4398 14230
4397 14231
4386 14243
4387 14242
4388 14241
4389 14240
4390 14239
4391 14238
4392 14237
4393 14236
4394 14235
