        0.0000  -1.492383   0.292442  -1.199941 
       50.0000  -1.497676   0.295963  -1.201713 
      100.0000  -1.492896   0.293384  -1.199513 
      150.0000  -1.493694   0.294795  -1.198898 
      200.0000  -1.490998   0.294951  -1.196048 
      250.0000  -1.491535   0.293953  -1.197582 
      300.0000  -1.493829   0.295364  -1.198465 
      350.0000  -1.490590   0.297103  -1.193486 
      400.0000  -1.490547   0.298052  -1.192496 
      450.0000  -1.489303   0.296697  -1.192606 
      500.0000  -1.491144   0.295618  -1.195526 
      550.0000  -1.494832   0.296537  -1.198295 
      600.0000  -1.492958   0.296309  -1.196649 
      650.0000  -1.491008   0.295919  -1.195089 
      700.0000  -1.493613   0.295420  -1.198192 
      750.0000  -1.494844   0.294255  -1.200589 
      800.0000  -1.495515   0.295813  -1.199702 
      850.0000  -1.495089   0.295157  -1.199931 
      900.0000  -1.494099   0.295006  -1.199092 
      950.0000  -1.496395   0.292935  -1.203460 
     1000.0000  -1.494024   0.292874  -1.201150 
     1050.0000  -1.492968   0.295955  -1.197013 
     1100.0000  -1.494272   0.294379  -1.199893 
     1150.0000  -1.493469   0.293679  -1.199790 
     1200.0000  -1.492431   0.295974  -1.196457 
     1250.0000  -1.489798   0.296239  -1.193560 
     1300.0000  -1.489287   0.295147  -1.194140 
     1350.0000  -1.491154   0.296085  -1.195069 
     1400.0000  -1.490618   0.295661  -1.194957 
     1450.0000  -1.490822   0.297889  -1.192933 
     1500.0000  -1.490599   0.297123  -1.193476 
     1550.0000  -1.496215   0.296306  -1.199908 
     1600.0000  -1.494819   0.295787  -1.199032 
     1650.0000  -1.491529   0.293579  -1.197949 
     1700.0000  -1.494162   0.294865  -1.199297 
     1750.0000  -1.495940   0.295898  -1.200042 
     1800.0000  -1.492085   0.295568  -1.196517 
     1850.0000  -1.492874   0.298173  -1.194701 
     1900.0000  -1.490136   0.295900  -1.194236 
     1950.0000  -1.491994   0.295971  -1.196023 
     2000.0000  -1.495078   0.296860  -1.198218 
     2050.0000  -1.493928   0.294174  -1.199754 
     2100.0000  -1.490171   0.296425  -1.193747 
     2150.0000  -1.491489   0.295091  -1.196397 
     2200.0000  -1.491925   0.295665  -1.196260 
     2250.0000  -1.494095   0.294871  -1.199223 
     2300.0000  -1.494660   0.291993  -1.202667 
     2350.0000  -1.493357   0.293003  -1.200354 
     2400.0000  -1.493878   0.296652  -1.197226 
     2450.0000  -1.492533   0.294141  -1.198393 
     2500.0000  -1.492198   0.294523  -1.197674 
     2550.0000  -1.494846   0.296014  -1.198832 
     2600.0000  -1.490617   0.293944  -1.196673 
     2650.0000  -1.495292   0.294308  -1.200984 
     2700.0000  -1.494870   0.292523  -1.202346 
     2750.0000  -1.492507   0.292326  -1.200181 
     2800.0000  -1.490918   0.295599  -1.195319 
     2850.0000  -1.494532   0.294025  -1.200507 
     2900.0000  -1.495738   0.296404  -1.199334 
     2950.0000  -1.493771   0.294330  -1.199441 
     3000.0000  -1.493645   0.293536  -1.200108 
     3050.0000  -1.495969   0.295988  -1.199981 
     3100.0000  -1.496259   0.294344  -1.201916 
     3150.0000  -1.494161   0.293800  -1.200361 
     3200.0000  -1.492453   0.291915  -1.200538 
     3250.0000  -1.495030   0.295410  -1.199620 
     3300.0000  -1.494653   0.295004  -1.199648 
     3350.0000  -1.490167   0.296183  -1.193984 
     3400.0000  -1.494262   0.296040  -1.198221 
     3450.0000  -1.495368   0.293940  -1.201428 
     3500.0000  -1.492211   0.293909  -1.198302 
     3550.0000  -1.493901   0.293665  -1.200235 
     3600.0000  -1.493340   0.293840  -1.199500 
     3650.0000  -1.494818   0.294728  -1.200090 
     3700.0000  -1.496244   0.292998  -1.203246 
     3750.0000  -1.492298   0.293401  -1.198897 
     3800.0000  -1.494707   0.294382  -1.200325 
     3850.0000  -1.494943   0.294072  -1.200871 
     3900.0000  -1.496728   0.293859  -1.202869 
     3950.0000  -1.497406   0.295280  -1.202126 
     4000.0000  -1.497434   0.295564  -1.201870 
     4050.0000  -1.498346   0.295102  -1.203244 
     4100.0000  -1.493999   0.292000  -1.201999 
     4150.0000  -1.496464   0.293856  -1.202608 
     4200.0000  -1.496863   0.294089  -1.202774 
     4250.0000  -1.494024   0.292878  -1.201146 
     4300.0000  -1.494688   0.293165  -1.201524 
     4350.0000  -1.492755   0.295653  -1.197101 
     4400.0000  -1.491222   0.296308  -1.194914 
     4450.0000  -1.493498   0.297352  -1.196146 
     4500.0000  -1.489251   0.293894  -1.195357 
     4550.0000  -1.492852   0.299361  -1.193491 
     4600.0000  -1.490407   0.295260  -1.195147 
     4650.0000  -1.494855   0.295788  -1.199066 
     4700.0000  -1.495218   0.294431  -1.200786 
     4750.0000  -1.496143   0.293848  -1.202295 
     4800.0000  -1.495829   0.294187  -1.201642 
     4850.0000  -1.491994   0.294340  -1.197653 
     4900.0000  -1.494408   0.294902  -1.199506 
     4950.0000  -1.493852   0.293764  -1.200088 
     5000.0000  -1.493855   0.294769  -1.199086 
     5050.0000  -1.491116   0.295057  -1.196059 
     5100.0000  -1.493567   0.294997  -1.198570 
     5150.0000  -1.493130   0.295125  -1.198004 
     5200.0000  -1.496726   0.295979  -1.200747 
     5250.0000  -1.495542   0.294789  -1.200753 
     5300.0000  -1.494978   0.296948  -1.198030 
     5350.0000  -1.495718   0.294122  -1.201596 
     5400.0000  -1.495464   0.295341  -1.200124 
     5450.0000  -1.494720   0.294910  -1.199811 
     5500.0000  -1.494534   0.294927  -1.199606 
     5550.0000  -1.495021   0.295821  -1.199200 
     5600.0000  -1.492877   0.293515  -1.199362 
     5650.0000  -1.495434   0.295931  -1.199503 
     5700.0000  -1.494427   0.296991  -1.197436 
     5750.0000  -1.493888   0.291547  -1.202341 
     5800.0000  -1.498057   0.292871  -1.205186 
     5850.0000  -1.492722   0.290967  -1.201755 
     5900.0000  -1.494478   0.292628  -1.201849 
     5950.0000  -1.495434   0.297478  -1.197955 
     6000.0000  -1.490939   0.294214  -1.196725 
     6050.0000  -1.493381   0.295208  -1.198173 
     6100.0000  -1.492326   0.293763  -1.198563 
     6150.0000  -1.491087   0.291288  -1.199800 
     6200.0000  -1.494611   0.297416  -1.197195 
     6250.0000  -1.491666   0.295955  -1.195710 
     6300.0000  -1.492734   0.296398  -1.196336 
     6350.0000  -1.493040   0.293476  -1.199564 
     6400.0000  -1.494255   0.296706  -1.197549 
     6450.0000  -1.492704   0.296359  -1.196344 
     6500.0000  -1.494356   0.295347  -1.199010 
     6550.0000  -1.496087   0.295288  -1.200800 
     6600.0000  -1.494838   0.295992  -1.198846 
     6650.0000  -1.493567   0.294799  -1.198768 
     6700.0000  -1.495677   0.294525  -1.201152 
     6750.0000  -1.494101   0.293318  -1.200783 
     6800.0000  -1.496911   0.295632  -1.201279 
     6850.0000  -1.493046   0.294170  -1.198876 
     6900.0000  -1.493996   0.293026  -1.200970 
     6950.0000  -1.495437   0.294789  -1.200649 
     7000.0000  -1.492466   0.298178  -1.194288 
     7050.0000  -1.490751   0.294823  -1.195928 
     7100.0000  -1.495047   0.294611  -1.200436 
     7150.0000  -1.496998   0.294862  -1.202136 
     7200.0000  -1.493683   0.295331  -1.198353 
     7250.0000  -1.492760   0.292893  -1.199866 
     7300.0000  -1.494433   0.295160  -1.199273 
     7350.0000  -1.492763   0.295935  -1.196828 
     7400.0000  -1.495062   0.293607  -1.201456 
     7450.0000  -1.496488   0.296613  -1.199875 
     7500.0000  -1.494509   0.294511  -1.199998 
     7550.0000  -1.495744   0.294983  -1.200761 
     7600.0000  -1.497107   0.295906  -1.201200 
     7650.0000  -1.492917   0.293423  -1.199494 
     7700.0000  -1.494691   0.294475  -1.200216 
     7750.0000  -1.498166   0.298435  -1.199731 
     7800.0000  -1.495331   0.292713  -1.202617 
     7850.0000  -1.495064   0.294061  -1.201003 
     7900.0000  -1.493873   0.295926  -1.197947 
     7950.0000  -1.494893   0.294974  -1.199919 
     8000.0000  -1.491879   0.295478  -1.196402 
     8050.0000  -1.492287   0.296369  -1.195918 
     8100.0000  -1.492684   0.297345  -1.195338 
     8150.0000  -1.493209   0.295267  -1.197941 
     8200.0000  -1.496889   0.297201  -1.199687 
     8250.0000  -1.496834   0.295670  -1.201164 
     8300.0000  -1.495739   0.293201  -1.202537 
     8350.0000  -1.494014   0.294353  -1.199661 
     8400.0000  -1.496062   0.294300  -1.201762 
     8450.0000  -1.497718   0.295763  -1.201955 
     8500.0000  -1.494964   0.294635  -1.200329 
     8550.0000  -1.494422   0.294954  -1.199468 
     8600.0000  -1.493320   0.296582  -1.196738 
     8650.0000  -1.490792   0.295291  -1.195501 
     8700.0000  -1.495591   0.295786  -1.199806 
     8750.0000  -1.492510   0.296241  -1.196270 
     8800.0000  -1.494669   0.296158  -1.198511 
     8850.0000  -1.493714   0.296602  -1.197112 
     8900.0000  -1.493331   0.293586  -1.199745 
     8950.0000  -1.495180   0.293385  -1.201795 
     9000.0000  -1.493165   0.295459  -1.197706 
     9050.0000  -1.495159   0.294776  -1.200383 
     9100.0000  -1.495442   0.295486  -1.199956 
     9150.0000  -1.493881   0.294809  -1.199072 
     9200.0000  -1.492876   0.294658  -1.198218 
     9250.0000  -1.494701   0.295159  -1.199542 
     9300.0000  -1.491580   0.294107  -1.197473 
     9350.0000  -1.492937   0.294068  -1.198869 
     9400.0000  -1.495190   0.294635  -1.200555 
     9450.0000  -1.495350   0.296506  -1.198844 
     9500.0000  -1.491332   0.295642  -1.195689 
     9550.0000  -1.492275   0.294113  -1.198162 
     9600.0000  -1.492491   0.294238  -1.198253 
     9650.0000  -1.493783   0.295596  -1.198186 
     9700.0000  -1.495140   0.295421  -1.199719 
     9750.0000  -1.495725   0.294024  -1.201700 
     9800.0000  -1.497640   0.293892  -1.203748 
     9850.0000  -1.494896   0.292607  -1.202289 
     9900.0000  -1.495704   0.294955  -1.200749 
     9950.0000  -1.496609   0.294272  -1.202337 
    10000.0000  -1.498206   0.292039  -1.206167 
    10050.0000  -1.497411   0.292815  -1.204596 
    10100.0000  -1.496428   0.294254  -1.202174 
    10150.0000  -1.497969   0.297385  -1.200584 
    10200.0000  -1.495426   0.295274  -1.200152 
    10250.0000  -1.496498   0.293772  -1.202726 
    10300.0000  -1.497278   0.296097  -1.201181 
    10350.0000  -1.494969   0.294747  -1.200221 
    10400.0000  -1.491554   0.295521  -1.196033 
    10450.0000  -1.493812   0.296223  -1.197590 
    10500.0000  -1.494590   0.296050  -1.198540 
    10550.0000  -1.494733   0.295836  -1.198898 
    10600.0000  -1.495393   0.293296  -1.202097 
    10650.0000  -1.497092   0.294392  -1.202701 
    10700.0000  -1.495436   0.293812  -1.201625 
    10750.0000  -1.493773   0.292868  -1.200904 
    10800.0000  -1.494531   0.295340  -1.199191 
    10850.0000  -1.492737   0.293451  -1.199286 
    10900.0000  -1.498288   0.297459  -1.200829 
    10950.0000  -1.494299   0.295870  -1.198429 
    11000.0000  -1.496494   0.295819  -1.200675 
    11050.0000  -1.501553   0.294057  -1.207495 
    11100.0000  -1.497784   0.295299  -1.202485 
    11150.0000  -1.496159   0.294477  -1.201682 
    11200.0000  -1.495075   0.295298  -1.199777 
    11250.0000  -1.494047   0.294406  -1.199641 
    11300.0000  -1.493724   0.295711  -1.198013 
    11350.0000  -1.496661   0.298182  -1.198480 
    11400.0000  -1.496041   0.295814  -1.200227 
    11450.0000  -1.498048   0.294378  -1.203671 
    11500.0000  -1.498602   0.294942  -1.203659 
    11550.0000  -1.495848   0.291669  -1.204179 
    11600.0000  -1.498509   0.293679  -1.204830 
    11650.0000  -1.498960   0.295520  -1.203439 
    11700.0000  -1.494719   0.295503  -1.199216 
    11750.0000  -1.492863   0.295874  -1.196989 
    11800.0000  -1.492504   0.293209  -1.199296 
    11850.0000  -1.496768   0.294499  -1.202270 
    11900.0000  -1.494654   0.294252  -1.200402 
    11950.0000  -1.495465   0.293711  -1.201754 
    12000.0000  -1.496822   0.294610  -1.202212 
    12050.0000  -1.494874   0.294676  -1.200198 
    12100.0000  -1.494440   0.293318  -1.201123 
    12150.0000  -1.494177   0.293868  -1.200308 
    12200.0000  -1.493943   0.295431  -1.198512 
    12250.0000  -1.493728   0.295492  -1.198236 
    12300.0000  -1.493712   0.295679  -1.198033 
    12350.0000  -1.492072   0.295732  -1.196340 
    12400.0000  -1.493609   0.295336  -1.198273 
    12450.0000  -1.495218   0.296331  -1.198887 
    12500.0000  -1.495465   0.293618  -1.201847 
    12550.0000  -1.495162   0.294787  -1.200375 
    12600.0000  -1.494244   0.294414  -1.199830 
    12650.0000  -1.493155   0.294848  -1.198308 
    12700.0000  -1.494326   0.293079  -1.201246 
    12750.0000  -1.495137   0.293172  -1.201965 
    12800.0000  -1.494928   0.294483  -1.200446 
    12850.0000  -1.494704   0.292965  -1.201739 
    12900.0000  -1.497478   0.292928  -1.204550 
    12950.0000  -1.494815   0.294103  -1.200711 
    13000.0000  -1.494406   0.297543  -1.196863 
    13050.0000  -1.491239   0.294902  -1.196337 
    13100.0000  -1.494971   0.298722  -1.196250 
    13150.0000  -1.495393   0.297380  -1.198013 
    13200.0000  -1.496376   0.294521  -1.201855 
    13250.0000  -1.494783   0.296695  -1.198088 
    13300.0000  -1.495331   0.295394  -1.199937 
    13350.0000  -1.496475   0.295314  -1.201160 
    13400.0000  -1.494753   0.294364  -1.200389 
    13450.0000  -1.495593   0.295785  -1.199808 
    13500.0000  -1.496320   0.297247  -1.199073 
    13550.0000  -1.494345   0.294747  -1.199597 
    13600.0000  -1.499163   0.298515  -1.200648 
    13650.0000  -1.496579   0.294488  -1.202091 
    13700.0000  -1.493971   0.293855  -1.200115 
    13750.0000  -1.497498   0.295327  -1.202171 
    13800.0000  -1.495412   0.294501  -1.200911 
    13850.0000  -1.495451   0.294994  -1.200457 
    13900.0000  -1.497782   0.292111  -1.205671 
    13950.0000  -1.498826   0.291788  -1.207038 
    14000.0000  -1.496643   0.295625  -1.201017 
    14050.0000  -1.495994   0.297715  -1.198279 
    14100.0000  -1.496767   0.295765  -1.201003 
    14150.0000  -1.493854   0.294165  -1.199689 
    14200.0000  -1.493965   0.295280  -1.198686 
    14250.0000  -1.496362   0.295388  -1.200974 
    14300.0000  -1.495686   0.295428  -1.200258 
    14350.0000  -1.496407   0.295203  -1.201204 
    14400.0000  -1.494190   0.294511  -1.199679 
    14450.0000  -1.494868   0.294699  -1.200169 
    14500.0000  -1.495649   0.295319  -1.200330 
    14550.0000  -1.497420   0.295389  -1.202031 
    14600.0000  -1.495576   0.293656  -1.201920 
    14650.0000  -1.496251   0.290876  -1.205375 
    14700.0000  -1.495952   0.294047  -1.201905 
    14750.0000  -1.492920   0.293791  -1.199129 
    14800.0000  -1.493978   0.295193  -1.198785 
    14850.0000  -1.492618   0.294482  -1.198136 
    14900.0000  -1.496200   0.297170  -1.199030 
    14950.0000  -1.496321   0.296500  -1.199822 
    15000.0000  -1.497347   0.294094  -1.203254 
    15050.0000  -1.496241   0.293009  -1.203233 
    15100.0000  -1.495060   0.294809  -1.200251 
    15150.0000  -1.494004   0.295867  -1.198137 
    15200.0000  -1.496055   0.295326  -1.200730 
    15250.0000  -1.497207   0.294322  -1.202884 
    15300.0000  -1.495568   0.292037  -1.203531 
    15350.0000  -1.494737   0.293396  -1.201342 
    15400.0000  -1.496057   0.296498  -1.199559 
    15450.0000  -1.496324   0.292525  -1.203799 
    15500.0000  -1.496769   0.293952  -1.202817 
    15550.0000  -1.497582   0.294421  -1.203161 
    15600.0000  -1.495954   0.291672  -1.204282 
    15650.0000  -1.496114   0.292651  -1.203463 
    15700.0000  -1.495870   0.293703  -1.202167 
    15750.0000  -1.496767   0.295102  -1.201665 
    15800.0000  -1.499408   0.294370  -1.205038 
    15850.0000  -1.497717   0.292703  -1.205013 
    15900.0000  -1.495276   0.293734  -1.201542 
    15950.0000  -1.494237   0.296337  -1.197900 
    16000.0000  -1.494080   0.294308  -1.199772 
    16050.0000  -1.496861   0.294581  -1.202279 
    16100.0000  -1.495164   0.292526  -1.202637 
    16150.0000  -1.493678   0.295492  -1.198187 
    16200.0000  -1.496185   0.293867  -1.202318 
    16250.0000  -1.496719   0.292179  -1.204540 
    16300.0000  -1.497400   0.293399  -1.204001 
    16350.0000  -1.496906   0.295561  -1.201345 
    16400.0000  -1.495733   0.295556  -1.200176 
    16450.0000  -1.494593   0.295345  -1.199248 
    16500.0000  -1.494860   0.293827  -1.201032 
    16550.0000  -1.494920   0.295793  -1.199127 
    16600.0000  -1.491763   0.294560  -1.197203 
    16650.0000  -1.492247   0.294816  -1.197431 
    16700.0000  -1.494900   0.296527  -1.198373 
    16750.0000  -1.493006   0.295759  -1.197247 
    16800.0000  -1.491364   0.293260  -1.198104 
    16850.0000  -1.495353   0.294809  -1.200544 
    16900.0000  -1.493915   0.294910  -1.199005 
    16950.0000  -1.493740   0.294971  -1.198768 
    17000.0000  -1.495888   0.295438  -1.200450 
    17050.0000  -1.496601   0.295328  -1.201272 
    17100.0000  -1.496803   0.294230  -1.202573 
    17150.0000  -1.496403   0.294250  -1.202153 
    17200.0000  -1.494495   0.293400  -1.201095 
    17250.0000  -1.491396   0.293566  -1.197830 
    17300.0000  -1.493906   0.293539  -1.200367 
    17350.0000  -1.499429   0.291479  -1.207951 
    17400.0000  -1.498598   0.291035  -1.207564 
    17450.0000  -1.498533   0.292874  -1.205660 
    17500.0000  -1.498071   0.291784  -1.206287 
    17550.0000  -1.496425   0.293588  -1.202837 
    17600.0000  -1.497184   0.293038  -1.204146 
    17650.0000  -1.498692   0.292734  -1.205958 
    17700.0000  -1.495762   0.293149  -1.202612 
    17750.0000  -1.497598   0.295893  -1.201705 
    17800.0000  -1.495281   0.293236  -1.202046 
    17850.0000  -1.500394   0.297095  -1.203299 
    17900.0000  -1.495906   0.292817  -1.203089 
    17950.0000  -1.496223   0.294845  -1.201378 
    18000.0000  -1.495904   0.294948  -1.200955 
    18050.0000  -1.494875   0.297076  -1.197799 
    18100.0000  -1.493518   0.293912  -1.199606 
    18150.0000  -1.497508   0.294054  -1.203454 
    18200.0000  -1.494486   0.294142  -1.200344 
    18250.0000  -1.491726   0.293655  -1.198072 
    18300.0000  -1.493263   0.295653  -1.197609 
    18350.0000  -1.493004   0.293737  -1.199267 
    18400.0000  -1.496748   0.295052  -1.201696 
    18450.0000  -1.492862   0.296563  -1.196298 
    18500.0000  -1.494855   0.296772  -1.198083 
    18550.0000  -1.493913   0.295796  -1.198117 
    18600.0000  -1.492705   0.294132  -1.198573 
    18650.0000  -1.494344   0.292066  -1.202278 
    18700.0000  -1.495567   0.293560  -1.202007 
    18750.0000  -1.494994   0.295317  -1.199677 
    18800.0000  -1.493463   0.296605  -1.196859 
    18850.0000  -1.492453   0.296262  -1.196191 
    18900.0000  -1.492169   0.296057  -1.196112 
    18950.0000  -1.495340   0.295220  -1.200120 
    19000.0000  -1.494084   0.295188  -1.198896 
    19050.0000  -1.497500   0.296638  -1.200862 
    19100.0000  -1.497003   0.293800  -1.203203 
    19150.0000  -1.494971   0.294531  -1.200440 
    19200.0000  -1.496516   0.294121  -1.202395 
    19250.0000  -1.494107   0.295586  -1.198521 
    19300.0000  -1.491660   0.295766  -1.195895 
    19350.0000  -1.493852   0.297869  -1.195982 
    19400.0000  -1.495183   0.296966  -1.198216 
    19450.0000  -1.495022   0.295454  -1.199568 
    19500.0000  -1.493959   0.293033  -1.200926 
    19550.0000  -1.494196   0.297254  -1.196941 
    19600.0000  -1.494424   0.295413  -1.199011 
    19650.0000  -1.495288   0.294079  -1.201209 
    19700.0000  -1.497404   0.294817  -1.202587 
    19750.0000  -1.497284   0.296015  -1.201268 
    19800.0000  -1.494184   0.296007  -1.198177 
    19850.0000  -1.495733   0.294912  -1.200821 
    19900.0000  -1.495975   0.296898  -1.199077 
    19950.0000  -1.494175   0.296120  -1.198055 
    20000.0000  -1.494452   0.297091  -1.197360 
    20050.0000  -1.497335   0.295296  -1.202039 
    20100.0000  -1.494992   0.295355  -1.199638 
    20150.0000  -1.495214   0.296003  -1.199210 
    20200.0000  -1.494335   0.293496  -1.200839 
    20250.0000  -1.497809   0.295822  -1.201987 
    20300.0000  -1.497881   0.292964  -1.204917 
    20350.0000  -1.499044   0.296682  -1.202361 
    20400.0000  -1.497195   0.293363  -1.203832 
    20450.0000  -1.496106   0.293778  -1.202328 
    20500.0000  -1.496349   0.295092  -1.201257 
    20550.0000  -1.496943   0.292364  -1.204580 
    20600.0000  -1.497596   0.293232  -1.204364 
    20650.0000  -1.496265   0.293520  -1.202745 
    20700.0000  -1.495302   0.296174  -1.199128 
    20750.0000  -1.493851   0.297649  -1.196202 
    20800.0000  -1.495887   0.296860  -1.199027 
    20850.0000  -1.495586   0.293835  -1.201751 
    20900.0000  -1.496106   0.293671  -1.202435 
    20950.0000  -1.495734   0.292349  -1.203385 
    21000.0000  -1.497112   0.292771  -1.204341 
    21050.0000  -1.497795   0.293964  -1.203831 
    21100.0000  -1.496773   0.295253  -1.201521 
    21150.0000  -1.494406   0.296600  -1.197806 
    21200.0000  -1.496574   0.297123  -1.199450 
    21250.0000  -1.497729   0.296237  -1.201491 
    21300.0000  -1.495259   0.294861  -1.200398 
    21350.0000  -1.496948   0.296188  -1.200760 
    21400.0000  -1.495921   0.295376  -1.200545 
    21450.0000  -1.495160   0.296101  -1.199059 
    21500.0000  -1.495229   0.296574  -1.198655 
    21550.0000  -1.495055   0.293917  -1.201138 
    21600.0000  -1.494472   0.294734  -1.199738 
    21650.0000  -1.493488   0.295581  -1.197907 
    21700.0000  -1.494197   0.295529  -1.198668 
    21750.0000  -1.496836   0.296843  -1.199993 
    21800.0000  -1.494391   0.293050  -1.201340 
    21850.0000  -1.497282   0.295451  -1.201831 
    21900.0000  -1.493851   0.294057  -1.199795 
    21950.0000  -1.493010   0.295302  -1.197709 
    22000.0000  -1.495982   0.294573  -1.201409 
    22050.0000  -1.494061   0.291887  -1.202174 
    22100.0000  -1.495572   0.292614  -1.202958 
    22150.0000  -1.492314   0.294551  -1.197763 
    22200.0000  -1.494963   0.296893  -1.198070 
    22250.0000  -1.493913   0.295238  -1.198674 
    22300.0000  -1.497486   0.296171  -1.201315 
    22350.0000  -1.497045   0.294354  -1.202691 
    22400.0000  -1.495253   0.296368  -1.198884 
    22450.0000  -1.497208   0.296544  -1.200664 
    22500.0000  -1.496363   0.293468  -1.202895 
    22550.0000  -1.498024   0.296097  -1.201928 
    22600.0000  -1.496587   0.297574  -1.199013 
    22650.0000  -1.497089   0.294241  -1.202849 
    22700.0000  -1.497524   0.295694  -1.201831 
    22750.0000  -1.496991   0.294690  -1.202301 
    22800.0000  -1.500918   0.294446  -1.206472 
    22850.0000  -1.496892   0.295832  -1.201060 
    22900.0000  -1.493258   0.294360  -1.198898 
    22950.0000  -1.496460   0.295935  -1.200525 
    23000.0000  -1.495616   0.296708  -1.198908 
    23050.0000  -1.495168   0.296769  -1.198400 
    23100.0000  -1.497057   0.294730  -1.202328 
    23150.0000  -1.497899   0.292429  -1.205470 
    23200.0000  -1.498218   0.294203  -1.204015 
    23250.0000  -1.498802   0.294354  -1.204448 
    23300.0000  -1.496188   0.295036  -1.201152 
    23350.0000  -1.498358   0.297379  -1.200979 
    23400.0000  -1.495725   0.295436  -1.200289 
    23450.0000  -1.495829   0.294678  -1.201151 
    23500.0000  -1.494824   0.293279  -1.201545 
    23550.0000  -1.494765   0.294412  -1.200353 
    23600.0000  -1.495319   0.296780  -1.198539 
    23650.0000  -1.496896   0.295278  -1.201618 
    23700.0000  -1.497152   0.293067  -1.204085 
    23750.0000  -1.494943   0.294379  -1.200564 
    23800.0000  -1.496748   0.294852  -1.201896 
    23850.0000  -1.495012   0.296080  -1.198932 
    23900.0000  -1.495803   0.294318  -1.201484 
    23950.0000  -1.496653   0.292648  -1.204005 
    24000.0000  -1.497476   0.295409  -1.202067 
    24050.0000  -1.494269   0.295377  -1.198893 
    24100.0000  -1.493115   0.296719  -1.196395 
    24150.0000  -1.494779   0.295477  -1.199302 
    24200.0000  -1.494946   0.293584  -1.201361 
    24250.0000  -1.497782   0.296408  -1.201374 
    24300.0000  -1.496394   0.293136  -1.203257 
    24350.0000  -1.495266   0.294017  -1.201250 
    24400.0000  -1.496055   0.292952  -1.203103 
    24450.0000  -1.495136   0.293512  -1.201625 
    24500.0000  -1.495546   0.294213  -1.201334 
    24550.0000  -1.495121   0.294255  -1.200866 
    24600.0000  -1.493060   0.295197  -1.197863 
    24650.0000  -1.494749   0.297467  -1.197282 
    24700.0000  -1.493837   0.299131  -1.194705 
    24750.0000  -1.490165   0.294034  -1.196130 
    24800.0000  -1.493113   0.293845  -1.199268 
    24850.0000  -1.492785   0.296779  -1.196006 
    24900.0000  -1.490515   0.294955  -1.195559 
    24950.0000  -1.492243   0.294223  -1.198021 
    25000.0000  -1.495931   0.293842  -1.202089 
    25050.0000  -1.493627   0.296303  -1.197324 
    25100.0000  -1.492908   0.294798  -1.198111 
    25150.0000  -1.494365   0.292313  -1.202052 
    25200.0000  -1.496236   0.293154  -1.203082 
    25250.0000  -1.496189   0.294252  -1.201937 
    25300.0000  -1.494133   0.293727  -1.200406 
    25350.0000  -1.496058   0.295180  -1.200878 
    25400.0000  -1.498013   0.296885  -1.201128 
    25450.0000  -1.495394   0.295851  -1.199543 
    25500.0000  -1.496625   0.294023  -1.202602 
    25550.0000  -1.493592   0.293461  -1.200131 
    25600.0000  -1.496448   0.297511  -1.198937 
    25650.0000  -1.496125   0.294758  -1.201368 
    25700.0000  -1.494964   0.295180  -1.199784 
    25750.0000  -1.495515   0.295536  -1.199980 
    25800.0000  -1.494548   0.294796  -1.199752 
    25850.0000  -1.493402   0.294649  -1.198753 
    25900.0000  -1.495270   0.296207  -1.199063 
    25950.0000  -1.492872   0.296230  -1.196642 
    26000.0000  -1.495106   0.296523  -1.198583 
    26050.0000  -1.493581   0.295145  -1.198437 
    26100.0000  -1.496130   0.296626  -1.199504 
    26150.0000  -1.496570   0.294990  -1.201580 
    26200.0000  -1.496324   0.295804  -1.200520 
    26250.0000  -1.493978   0.293436  -1.200542 
    26300.0000  -1.496383   0.292211  -1.204172 
    26350.0000  -1.494548   0.292841  -1.201708 
    26400.0000  -1.498639   0.295689  -1.202950 
    26450.0000  -1.495460   0.293596  -1.201864 
    26500.0000  -1.494846   0.295178  -1.199668 
    26550.0000  -1.494070   0.291758  -1.202312 
    26600.0000  -1.496355   0.292663  -1.203691 
    26650.0000  -1.494260   0.293088  -1.201172 
    26700.0000  -1.496346   0.293825  -1.202520 
    26750.0000  -1.496606   0.294427  -1.202179 
    26800.0000  -1.494291   0.295446  -1.198844 
    26850.0000  -1.494271   0.294309  -1.199962 
    26900.0000  -1.496200   0.295145  -1.201054 
    26950.0000  -1.493134   0.293627  -1.199506 
    27000.0000  -1.496265   0.297184  -1.199081 
    27050.0000  -1.493317   0.293588  -1.199729 
    27100.0000  -1.493058   0.294902  -1.198156 
    27150.0000  -1.497020   0.296929  -1.200091 
    27200.0000  -1.495248   0.294190  -1.201057 
    27250.0000  -1.496782   0.295375  -1.201407 
    27300.0000  -1.495587   0.296909  -1.198678 
    27350.0000  -1.496373   0.296577  -1.199795 
    27400.0000  -1.497855   0.294552  -1.203304 
    27450.0000  -1.496691   0.295316  -1.201375 
    27500.0000  -1.495420   0.295596  -1.199824 
    27550.0000  -1.495287   0.294129  -1.201157 
    27600.0000  -1.497190   0.295807  -1.201383 
    27650.0000  -1.496630   0.295578  -1.201052 
    27700.0000  -1.497803   0.297050  -1.200753 
    27750.0000  -1.495214   0.294675  -1.200539 
    27800.0000  -1.494839   0.293552  -1.201287 
    27850.0000  -1.497033   0.294573  -1.202460 
    27900.0000  -1.495064   0.291566  -1.203498 
    27950.0000  -1.494463   0.292674  -1.201789 
    28000.0000  -1.495704   0.295605  -1.200099 
    28050.0000  -1.496335   0.294647  -1.201688 
    28100.0000  -1.497698   0.292310  -1.205388 
    28150.0000  -1.497300   0.295793  -1.201506 
    28200.0000  -1.497520   0.293979  -1.203541 
    28250.0000  -1.495964   0.294703  -1.201261 
    28300.0000  -1.495198   0.294401  -1.200796 
    28350.0000  -1.495643   0.296788  -1.198855 
    28400.0000  -1.497476   0.293817  -1.203659 
    28450.0000  -1.495903   0.291505  -1.204398 
    28500.0000  -1.498833   0.294481  -1.204352 
    28550.0000  -1.498442   0.294999  -1.203443 
    28600.0000  -1.497161   0.293342  -1.203820 
    28650.0000  -1.499491   0.295829  -1.203663 
    28700.0000  -1.495932   0.295546  -1.200386 
    28750.0000  -1.498239   0.295622  -1.202617 
    28800.0000  -1.495816   0.292661  -1.203155 
    28850.0000  -1.497688   0.294532  -1.203157 
    28900.0000  -1.495368   0.294621  -1.200747 
    28950.0000  -1.496493   0.293172  -1.203321 
    29000.0000  -1.496657   0.292186  -1.204471 
    29050.0000  -1.498721   0.296014  -1.202706 
    29100.0000  -1.494633   0.292612  -1.202022 
    29150.0000  -1.493771   0.296496  -1.197275 
    29200.0000  -1.497380   0.294141  -1.203239 
    29250.0000  -1.499075   0.292074  -1.207001 
    29300.0000  -1.497278   0.294126  -1.203153 
    29350.0000  -1.496647   0.295688  -1.200959 
    29400.0000  -1.496753   0.295542  -1.201211 
    29450.0000  -1.494169   0.295643  -1.198526 
    29500.0000  -1.495569   0.293186  -1.202382 
    29550.0000  -1.495610   0.293920  -1.201690 
    29600.0000  -1.495630   0.294678  -1.200952 
    29650.0000  -1.493808   0.293267  -1.200540 
    29700.0000  -1.500427   0.296863  -1.203564 
    29750.0000  -1.496615   0.293351  -1.203264 
    29800.0000  -1.496628   0.295624  -1.201004 
    29850.0000  -1.493560   0.296269  -1.197292 
    29900.0000  -1.495376   0.297181  -1.198195 
    29950.0000  -1.496787   0.293129  -1.203658 
    30000.0000  -1.493972   0.293765  -1.200207 
    30050.0000  -1.496125   0.297511  -1.198613 
    30100.0000  -1.497771   0.295275  -1.202496 
    30150.0000  -1.496564   0.294251  -1.202314 
    30200.0000  -1.497026   0.295005  -1.202021 
    30250.0000  -1.497543   0.293811  -1.203732 
    30300.0000  -1.500112   0.293854  -1.206258 
    30350.0000  -1.493490   0.293184  -1.200305 
    30400.0000  -1.495204   0.295619  -1.199585 
    30450.0000  -1.492837   0.297092  -1.195745 
    30500.0000  -1.490960   0.295462  -1.195499 
    30550.0000  -1.494989   0.296196  -1.198793 
    30600.0000  -1.493912   0.295873  -1.198038 
    30650.0000  -1.496447   0.294280  -1.202166 
    30700.0000  -1.498217   0.294887  -1.203330 
    30750.0000  -1.495467   0.296600  -1.198867 
    30800.0000  -1.495517   0.295682  -1.199835 
    30850.0000  -1.494171   0.295313  -1.198858 
    30900.0000  -1.496011   0.297768  -1.198244 
    30950.0000  -1.496876   0.294714  -1.202163 
    31000.0000  -1.494778   0.294462  -1.200316 
    31050.0000  -1.494331   0.294456  -1.199875 
    31100.0000  -1.494383   0.294984  -1.199400 
    31150.0000  -1.495585   0.295565  -1.200021 
    31200.0000  -1.495848   0.296250  -1.199598 
    31250.0000  -1.494728   0.294413  -1.200315 
    31300.0000  -1.497979   0.292544  -1.205435 
    31350.0000  -1.495703   0.292796  -1.202907 
    31400.0000  -1.498523   0.295441  -1.203082 
    31450.0000  -1.498379   0.295561  -1.202817 
    31500.0000  -1.493498   0.291794  -1.201704 
    31550.0000  -1.494261   0.293541  -1.200720 
    31600.0000  -1.496823   0.295662  -1.201162 
    31650.0000  -1.497110   0.293495  -1.203614 
    31700.0000  -1.495671   0.293340  -1.202331 
    31750.0000  -1.494703   0.293280  -1.201423 
    31800.0000  -1.495741   0.293402  -1.202339 
    31850.0000  -1.496767   0.294783  -1.201984 
    31900.0000  -1.497230   0.294392  -1.202838 
    31950.0000  -1.499098   0.295522  -1.203576 
    32000.0000  -1.498322   0.293699  -1.204623 
    32050.0000  -1.494521   0.295080  -1.199442 
    32100.0000  -1.493969   0.295022  -1.198947 
    32150.0000  -1.497294   0.290843  -1.206451 
    32200.0000  -1.497671   0.295155  -1.202517 
    32250.0000  -1.495906   0.295504  -1.200402 
    32300.0000  -1.497749   0.298226  -1.199523 
    32350.0000  -1.496266   0.294894  -1.201371 
    32400.0000  -1.494537   0.293357  -1.201180 
    32450.0000  -1.497705   0.292852  -1.204853 
    32500.0000  -1.499868   0.297531  -1.202336 
    32550.0000  -1.495281   0.293908  -1.201373 
    32600.0000  -1.496359   0.292338  -1.204020 
    32650.0000  -1.496046   0.294491  -1.201555 
    32700.0000  -1.495767   0.294578  -1.201190 
    32750.0000  -1.498024   0.295872  -1.202152 
    32800.0000  -1.496398   0.295125  -1.201273 
    32850.0000  -1.498992   0.297222  -1.201769 
    32900.0000  -1.494855   0.291220  -1.203635 
    32950.0000  -1.495505   0.293176  -1.202329 
    33000.0000  -1.498774   0.294704  -1.204070 
    33050.0000  -1.496957   0.292092  -1.204865 
    33100.0000  -1.496192   0.294009  -1.202183 
    33150.0000  -1.499075   0.295292  -1.203783 
    33200.0000  -1.497891   0.291804  -1.206087 
    33250.0000  -1.499370   0.294665  -1.204705 
    33300.0000  -1.499079   0.295489  -1.203590 
    33350.0000  -1.497408   0.294973  -1.202435 
    33400.0000  -1.494672   0.294897  -1.199775 
    33450.0000  -1.496656   0.293997  -1.202659 
    33500.0000  -1.494638   0.295748  -1.198890 
    33550.0000  -1.496279   0.296922  -1.199357 
    33600.0000  -1.496395   0.297267  -1.199129 
    33650.0000  -1.494382   0.294507  -1.199875 
    33700.0000  -1.495376   0.295829  -1.199547 
    33750.0000  -1.494048   0.295907  -1.198142 
    33800.0000  -1.492567   0.297825  -1.194742 
    33850.0000  -1.493315   0.297090  -1.196225 
    33900.0000  -1.498762   0.297380  -1.201382 
    33950.0000  -1.497113   0.294332  -1.202781 
    34000.0000  -1.496461   0.294955  -1.201505 
    34050.0000  -1.494620   0.295357  -1.199263 
    34100.0000  -1.496953   0.296613  -1.200340 
    34150.0000  -1.496407   0.293388  -1.203019 
    34200.0000  -1.495933   0.293349  -1.202584 
    34250.0000  -1.496544   0.294036  -1.202508 
    34300.0000  -1.496910   0.293898  -1.203012 
    34350.0000  -1.494280   0.293182  -1.201097 
    34400.0000  -1.498268   0.296068  -1.202200 
    34450.0000  -1.499232   0.296233  -1.202999 
    34500.0000  -1.495393   0.292167  -1.203226 
    34550.0000  -1.496333   0.291829  -1.204504 
    34600.0000  -1.497828   0.291969  -1.205859 
    34650.0000  -1.496935   0.295746  -1.201190 
    34700.0000  -1.496764   0.295657  -1.201107 
    34750.0000  -1.497865   0.293456  -1.204408 
    34800.0000  -1.498765   0.293424  -1.205341 
    34850.0000  -1.499501   0.293567  -1.205933 
    34900.0000  -1.499545   0.294801  -1.204743 
    34950.0000  -1.497022   0.296163  -1.200859 
    35000.0000  -1.495182   0.295530  -1.199652 
    35050.0000  -1.495954   0.295176  -1.200778 
    35100.0000  -1.495970   0.295148  -1.200822 
    35150.0000  -1.497165   0.294702  -1.202463 
    35200.0000  -1.499859   0.293738  -1.206121 
    35250.0000  -1.497699   0.295279  -1.202420 
    35300.0000  -1.498170   0.295065  -1.203104 
    35350.0000  -1.498943   0.294301  -1.204641 
    35400.0000  -1.499920   0.294554  -1.205366 
    35450.0000  -1.499952   0.294195  -1.205757 
    35500.0000  -1.498209   0.295424  -1.202785 
    35550.0000  -1.498669   0.295295  -1.203375 
    35600.0000  -1.496877   0.294793  -1.202084 
    35650.0000  -1.498138   0.292853  -1.205285 
    35700.0000  -1.500347   0.294273  -1.206074 
    35750.0000  -1.500652   0.297364  -1.203288 
    35800.0000  -1.496838   0.294238  -1.202600 
    35850.0000  -1.495924   0.295007  -1.200917 
    35900.0000  -1.497272   0.293956  -1.203317 
    35950.0000  -1.498119   0.295339  -1.202780 
    36000.0000  -1.496202   0.296508  -1.199694 
    36050.0000  -1.499960   0.297410  -1.202550 
    36100.0000  -1.498469   0.292945  -1.205524 
    36150.0000  -1.498317   0.295046  -1.203272 
    36200.0000  -1.498825   0.295004  -1.203821 
    36250.0000  -1.497151   0.294439  -1.202712 
    36300.0000  -1.496476   0.293067  -1.203409 
    36350.0000  -1.499028   0.293480  -1.205548 
    36400.0000  -1.495174   0.291213  -1.203961 
    36450.0000  -1.496961   0.294026  -1.202935 
    36500.0000  -1.494603   0.295101  -1.199502 
    36550.0000  -1.495177   0.293789  -1.201388 
    36600.0000  -1.496025   0.297277  -1.198748 
    36650.0000  -1.496376   0.296510  -1.199866 
    36700.0000  -1.496474   0.296291  -1.200183 
    36750.0000  -1.496237   0.294241  -1.201996 
    36800.0000  -1.497430   0.295137  -1.202293 
    36850.0000  -1.496384   0.292508  -1.203875 
    36900.0000  -1.495935   0.294928  -1.201008 
    36950.0000  -1.495893   0.295672  -1.200221 
    37000.0000  -1.496895   0.298113  -1.198781 
    37050.0000  -1.495486   0.295532  -1.199954 
    37100.0000  -1.497140   0.292313  -1.204827 
    37150.0000  -1.495742   0.292205  -1.203537 
    37200.0000  -1.498091   0.295892  -1.202199 
    37250.0000  -1.495175   0.294950  -1.200224 
    37300.0000  -1.494580   0.293476  -1.201104 
    37350.0000  -1.493698   0.294649  -1.199049 
    37400.0000  -1.492666   0.293541  -1.199125 
    37450.0000  -1.495373   0.295406  -1.199968 
    37500.0000  -1.496887   0.295093  -1.201794 
    37550.0000  -1.496654   0.296969  -1.199685 
    37600.0000  -1.495089   0.295126  -1.199964 
    37650.0000  -1.494263   0.292094  -1.202169 
    37700.0000  -1.499127   0.294409  -1.204718 
    37750.0000  -1.499345   0.294470  -1.204875 
    37800.0000  -1.497497   0.293498  -1.203999 
    37850.0000  -1.496983   0.294438  -1.202545 
    37900.0000  -1.498465   0.294050  -1.204415 
    37950.0000  -1.496079   0.291941  -1.204139 
    38000.0000  -1.494810   0.294147  -1.200662 
    38050.0000  -1.494848   0.295463  -1.199385 
    38100.0000  -1.499751   0.299825  -1.199926 
    38150.0000  -1.494895   0.293518  -1.201377 
    38200.0000  -1.496607   0.291216  -1.205390 
    38250.0000  -1.496730   0.293027  -1.203702 
    38300.0000  -1.497388   0.294891  -1.202497 
    38350.0000  -1.496822   0.294335  -1.202487 
    38400.0000  -1.498736   0.295322  -1.203413 
    38450.0000  -1.496868   0.294866  -1.202002 
    38500.0000  -1.495170   0.292674  -1.202497 
    38550.0000  -1.494676   0.296825  -1.197852 
    38600.0000  -1.495732   0.296750  -1.198983 
    38650.0000  -1.494863   0.294578  -1.200285 
    38700.0000  -1.494277   0.295292  -1.198985 
    38750.0000  -1.495661   0.293498  -1.202163 
    38800.0000  -1.496380   0.296857  -1.199524 
    38850.0000  -1.499020   0.296562  -1.202458 
    38900.0000  -1.495593   0.294486  -1.201107 
    38950.0000  -1.496606   0.294466  -1.202140 
    39000.0000  -1.495149   0.295548  -1.199601 
    39050.0000  -1.496468   0.294936  -1.201533 
    39100.0000  -1.496052   0.297670  -1.198382 
    39150.0000  -1.492115   0.295375  -1.196740 
    39200.0000  -1.493953   0.294660  -1.199292 
    39250.0000  -1.498062   0.295484  -1.202578 
    39300.0000  -1.497561   0.295148  -1.202412 
    39350.0000  -1.497507   0.293470  -1.204036 
    39400.0000  -1.497508   0.293887  -1.203621 
    39450.0000  -1.497567   0.294225  -1.203342 
    39500.0000  -1.497313   0.297548  -1.199765 
    39550.0000  -1.496367   0.295205  -1.201161 
    39600.0000  -1.496471   0.293477  -1.202994 
    39650.0000  -1.498439   0.292963  -1.205476 
    39700.0000  -1.498718   0.294627  -1.204091 
    39750.0000  -1.497051   0.294781  -1.202270 
    39800.0000  -1.495552   0.294708  -1.200844 
    39850.0000  -1.493914   0.296287  -1.197627 
    39900.0000  -1.491169   0.295149  -1.196020 
    39950.0000  -1.495198   0.293267  -1.201931 
    40000.0000  -1.495902   0.291901  -1.204001 
    40050.0000  -1.497468   0.295009  -1.202459 
    40100.0000  -1.497411   0.295009  -1.202402 
    40150.0000  -1.496475   0.295895  -1.200580 
    40200.0000  -1.496376   0.294514  -1.201862 
    40250.0000  -1.494162   0.294432  -1.199730 
    40300.0000  -1.498908   0.296354  -1.202554 
    40350.0000  -1.497350   0.295600  -1.201750 
    40400.0000  -1.494954   0.293382  -1.201572 
    40450.0000  -1.494920   0.296384  -1.198536 
    40500.0000  -1.495466   0.292276  -1.203191 
    40550.0000  -1.496667   0.294418  -1.202250 
    40600.0000  -1.497421   0.293147  -1.204274 
    40650.0000  -1.497431   0.293116  -1.204315 
    40700.0000  -1.494969   0.291118  -1.203850 
    40750.0000  -1.496882   0.294230  -1.202652 
    40800.0000  -1.494981   0.294033  -1.200947 
    40850.0000  -1.498588   0.294828  -1.203760 
    40900.0000  -1.496239   0.298131  -1.198108 
    40950.0000  -1.493393   0.295944  -1.197449 
    41000.0000  -1.495381   0.294365  -1.201016 
    41050.0000  -1.496258   0.294947  -1.201311 
    41100.0000  -1.499680   0.295435  -1.204245 
    41150.0000  -1.495833   0.293211  -1.202622 
    41200.0000  -1.494074   0.295519  -1.198555 
    41250.0000  -1.495628   0.296781  -1.198846 
    41300.0000  -1.494925   0.296959  -1.197966 
    41350.0000  -1.496579   0.293605  -1.202974 
    41400.0000  -1.494195   0.293799  -1.200395 
    41450.0000  -1.495748   0.297075  -1.198673 
    41500.0000  -1.496117   0.298335  -1.197782 
    41550.0000  -1.494893   0.295439  -1.199454 
    41600.0000  -1.496824   0.294780  -1.202043 
    41650.0000  -1.499918   0.296023  -1.203896 
    41700.0000  -1.497138   0.296257  -1.200881 
    41750.0000  -1.497313   0.296635  -1.200678 
    41800.0000  -1.496886   0.295790  -1.201096 
    41850.0000  -1.495298   0.295704  -1.199594 
    41900.0000  -1.493773   0.294475  -1.199298 
    41950.0000  -1.494612   0.295693  -1.198919 
    42000.0000  -1.492535   0.296270  -1.196265 
    42050.0000  -1.493858   0.295133  -1.198725 
    42100.0000  -1.495534   0.297158  -1.198377 
    42150.0000  -1.497105   0.296359  -1.200746 
    42200.0000  -1.489145   0.295702  -1.193443 
    42250.0000  -1.491737   0.297959  -1.193778 
    42300.0000  -1.494523   0.296133  -1.198390 
    42350.0000  -1.498320   0.294052  -1.204267 
    42400.0000  -1.498084   0.297187  -1.200897 
    42450.0000  -1.495736   0.293596  -1.202139 
    42500.0000  -1.496377   0.293853  -1.202525 
    42550.0000  -1.494191   0.295386  -1.198805 
    42600.0000  -1.495803   0.294092  -1.201712 
    42650.0000  -1.497126   0.296569  -1.200557 
    42700.0000  -1.496017   0.294894  -1.201123 
    42750.0000  -1.494356   0.292504  -1.201852 
    42800.0000  -1.498117   0.294753  -1.203364 
    42850.0000  -1.496014   0.293860  -1.202155 
    42900.0000  -1.498289   0.295345  -1.202944 
    42950.0000  -1.493858   0.294859  -1.198999 
    43000.0000  -1.497044   0.296540  -1.200503 
    43050.0000  -1.494246   0.296019  -1.198227 
    43100.0000  -1.496568   0.296208  -1.200360 
    43150.0000  -1.494778   0.296949  -1.197829 
    43200.0000  -1.497992   0.293845  -1.204147 
    43250.0000  -1.499723   0.292821  -1.206902 
    43300.0000  -1.499647   0.292567  -1.207080 
    43350.0000  -1.498656   0.291812  -1.206844 
    43400.0000  -1.500007   0.292254  -1.207753 
    43450.0000  -1.500889   0.293149  -1.207740 
    43500.0000  -1.496864   0.293033  -1.203831 
    43550.0000  -1.498370   0.294769  -1.203601 
    43600.0000  -1.497268   0.295677  -1.201591 
    43650.0000  -1.496904   0.294205  -1.202699 
    43700.0000  -1.495248   0.292925  -1.202323 
    43750.0000  -1.500274   0.295351  -1.204923 
    43800.0000  -1.495747   0.294202  -1.201545 
    43850.0000  -1.495940   0.293955  -1.201985 
    43900.0000  -1.494761   0.296966  -1.197795 
    43950.0000  -1.496806   0.293885  -1.202921 
    44000.0000  -1.496493   0.294139  -1.202354 
    44050.0000  -1.498647   0.293274  -1.205373 
    44100.0000  -1.499511   0.294530  -1.204981 
    44150.0000  -1.496675   0.293058  -1.203617 
    44200.0000  -1.499777   0.293159  -1.206619 
    44250.0000  -1.500254   0.292909  -1.207345 
    44300.0000  -1.498591   0.291935  -1.206656 
    44350.0000  -1.497623   0.294481  -1.203143 
    44400.0000  -1.498758   0.295353  -1.203405 
    44450.0000  -1.499733   0.294191  -1.205542 
    44500.0000  -1.494363   0.295170  -1.199193 
    44550.0000  -1.498985   0.294393  -1.204592 
    44600.0000  -1.497892   0.295019  -1.202873 
    44650.0000  -1.496594   0.294672  -1.201922 
    44700.0000  -1.497064   0.296365  -1.200698 
    44750.0000  -1.495509   0.296040  -1.199468 
    44800.0000  -1.493581   0.295082  -1.198499 
    44850.0000  -1.496716   0.297962  -1.198754 
    44900.0000  -1.497255   0.296275  -1.200980 
    44950.0000  -1.498403   0.296131  -1.202272 
    45000.0000  -1.496818   0.293472  -1.203346 
    45050.0000  -1.498323   0.293632  -1.204690 
    45100.0000  -1.498789   0.294631  -1.204158 
    45150.0000  -1.499430   0.292981  -1.206449 
    45200.0000  -1.497490   0.293001  -1.204489 
    45250.0000  -1.494578   0.293787  -1.200790 
    45300.0000  -1.497727   0.294192  -1.203534 
    45350.0000  -1.496979   0.297307  -1.199672 
    45400.0000  -1.495521   0.296238  -1.199283 
    45450.0000  -1.496181   0.295387  -1.200794 
    45500.0000  -1.495003   0.293162  -1.201841 
    45550.0000  -1.497283   0.293661  -1.203621 
    45600.0000  -1.499132   0.296617  -1.202516 
    45650.0000  -1.493566   0.293702  -1.199864 
    45700.0000  -1.498349   0.296108  -1.202241 
    45750.0000  -1.497540   0.293896  -1.203644 
    45800.0000  -1.497618   0.293186  -1.204432 
    45850.0000  -1.497799   0.293890  -1.203909 
    45900.0000  -1.499796   0.295779  -1.204017 
    45950.0000  -1.498071   0.296093  -1.201978 
    46000.0000  -1.496289   0.296983  -1.199306 
    46050.0000  -1.498171   0.293492  -1.204679 
    46100.0000  -1.499946   0.295830  -1.204116 
    46150.0000  -1.503364   0.296330  -1.207034 
    46200.0000  -1.496115   0.293382  -1.202733 
    46250.0000  -1.496905   0.296665  -1.200240 
    46300.0000  -1.497491   0.296442  -1.201049 
    46350.0000  -1.497225   0.292845  -1.204379 
    46400.0000  -1.498320   0.294089  -1.204231 
    46450.0000  -1.497631   0.294663  -1.202967 
    46500.0000  -1.498049   0.292686  -1.205363 
    46550.0000  -1.497711   0.294109  -1.203602 
    46600.0000  -1.497149   0.293542  -1.203606 
    46650.0000  -1.496649   0.294511  -1.202137 
    46700.0000  -1.495688   0.291117  -1.204571 
    46750.0000  -1.496463   0.294475  -1.201988 
    46800.0000  -1.499210   0.295104  -1.204107 
    46850.0000  -1.497541   0.294723  -1.202818 
    46900.0000  -1.495037   0.294001  -1.201036 
    46950.0000  -1.499508   0.295071  -1.204437 
    47000.0000  -1.496453   0.294676  -1.201777 
    47050.0000  -1.495977   0.295613  -1.200364 
    47100.0000  -1.496865   0.292173  -1.204692 
    47150.0000  -1.496961   0.293851  -1.203110 
    47200.0000  -1.496895   0.292615  -1.204281 
    47250.0000  -1.498531   0.295262  -1.203269 
    47300.0000  -1.496762   0.292858  -1.203904 
    47350.0000  -1.494165   0.295135  -1.199030 
    47400.0000  -1.497146   0.295030  -1.202115 
    47450.0000  -1.495465   0.295330  -1.200134 
    47500.0000  -1.495649   0.293050  -1.202598 
    47550.0000  -1.492889   0.293554  -1.199335 
    47600.0000  -1.498498   0.296114  -1.202384 
    47650.0000  -1.499365   0.295056  -1.204309 
    47700.0000  -1.496358   0.294358  -1.202000 
    47750.0000  -1.495861   0.295360  -1.200501 
    47800.0000  -1.498436   0.296923  -1.201513 
    47850.0000  -1.497071   0.293411  -1.203660 
    47900.0000  -1.496388   0.293509  -1.202879 
    47950.0000  -1.497330   0.293913  -1.203417 
    48000.0000  -1.496675   0.292066  -1.204609 
    48050.0000  -1.495777   0.294273  -1.201504 
    48100.0000  -1.496185   0.293481  -1.202704 
    48150.0000  -1.497199   0.293233  -1.203966 
    48200.0000  -1.496766   0.293484  -1.203282 
    48250.0000  -1.499027   0.294738  -1.204290 
    48300.0000  -1.497293   0.294780  -1.202513 
    48350.0000  -1.494593   0.294831  -1.199763 
    48400.0000  -1.495410   0.294800  -1.200610 
    48450.0000  -1.494779   0.298037  -1.196742 
    48500.0000  -1.493554   0.297214  -1.196340 
    48550.0000  -1.495944   0.296066  -1.199878 
    48600.0000  -1.500184   0.295544  -1.204640 
    48650.0000  -1.497898   0.294935  -1.202963 
    48700.0000  -1.498200   0.295035  -1.203166 
    48750.0000  -1.495528   0.296282  -1.199246 
    48800.0000  -1.494304   0.295404  -1.198900 
    48850.0000  -1.498024   0.295032  -1.202992 
    48900.0000  -1.498815   0.294790  -1.204025 
    48950.0000  -1.497803   0.296299  -1.201504 
    49000.0000  -1.493807   0.293907  -1.199900 
    49050.0000  -1.496878   0.295813  -1.201065 
    49100.0000  -1.497455   0.295663  -1.201791 
    49150.0000  -1.496627   0.294808  -1.201819 
    49200.0000  -1.498804   0.295317  -1.203487 
    49250.0000  -1.497319   0.295764  -1.201555 
    49300.0000  -1.495565   0.293556  -1.202009 
    49350.0000  -1.497619   0.293584  -1.204035 
    49400.0000  -1.499282   0.294714  -1.204567 
    49450.0000  -1.497628   0.294264  -1.203364 
    49500.0000  -1.497048   0.294230  -1.202818 
    49550.0000  -1.497385   0.294367  -1.203018 
    49600.0000  -1.492741   0.294383  -1.198358 
    49650.0000  -1.494472   0.297585  -1.196887 
    49700.0000  -1.494817   0.296497  -1.198320 
    49750.0000  -1.493936   0.294778  -1.199159 
    49800.0000  -1.493039   0.295170  -1.197870 
    49850.0000  -1.497747   0.295308  -1.202439 
    49900.0000  -1.495123   0.293276  -1.201847 
    49950.0000  -1.497685   0.297078  -1.200607 
    50000.0000  -1.498749   0.294480  -1.204269 
